# Average Pressure: -126.32136117499999
# Average Potential Energy per Particle: -4.3206804725
# r	g(r)
0.001733	0.000000
0.005200	0.000000
0.008667	0.000000
0.012134	0.000000
0.015601	0.000000
0.019067	0.000000
0.022534	0.000000
0.026001	0.000000
0.029468	0.000000
0.032935	0.000000
0.036402	0.000000
0.039868	0.000000
0.043335	0.000000
0.046802	0.000000
0.050269	0.000000
0.053735	0.000000
0.057202	0.000000
0.060669	0.000000
0.064136	0.000000
0.067603	0.000000
0.071069	0.000000
0.074536	0.000000
0.078003	0.000000
0.081470	0.000000
0.084937	0.000000
0.088404	0.000000
0.091870	0.000000
0.095337	0.000000
0.098804	0.000000
0.102271	0.000000
0.105738	0.000000
0.109204	0.000000
0.112671	0.000000
0.116138	0.000000
0.119605	0.000000
0.123072	0.000000
0.126538	0.000000
0.130005	0.000000
0.133472	0.000000
0.136939	0.000000
0.140406	0.000000
0.143872	0.000000
0.147339	0.000000
0.150806	0.000000
0.154273	0.000000
0.157740	0.000000
0.161206	0.000000
0.164673	0.000000
0.168140	0.000000
0.171607	0.000000
0.175074	0.000000
0.178541	0.000000
0.182007	0.000000
0.185474	0.000000
0.188941	0.000000
0.192408	0.000000
0.195875	0.000000
0.199341	0.000000
0.202808	0.000000
0.206275	0.000000
0.209742	0.000000
0.213209	0.000000
0.216675	0.000000
0.220142	0.000000
0.223609	0.000000
0.227076	0.000000
0.230543	0.000000
0.234009	0.000000
0.237476	0.000000
0.240943	0.000000
0.244410	0.000000
0.247877	0.000000
0.251343	0.000000
0.254810	0.000000
0.258277	0.000000
0.261744	0.000000
0.265211	0.000000
0.268677	0.000000
0.272144	0.000000
0.275611	0.000000
0.279078	0.000000
0.282545	0.000000
0.286012	0.000000
0.289478	0.000000
0.292945	0.000000
0.296412	0.000000
0.299879	0.000000
0.303346	0.000000
0.306812	0.000000
0.310279	0.000000
0.313746	0.000000
0.317213	0.000000
0.320680	0.000000
0.324146	0.000000
0.327613	0.000000
0.331080	0.000000
0.334547	0.000000
0.338014	0.000000
0.341480	0.000000
0.344947	0.000000
0.348414	0.000000
0.351881	0.000000
0.355348	0.000000
0.358814	0.000000
0.362281	0.000000
0.365748	0.000000
0.369215	0.000000
0.372682	0.000000
0.376148	0.000000
0.379615	0.000000
0.383082	0.000000
0.386549	0.000000
0.390016	0.000000
0.393483	0.000000
0.396949	0.000000
0.400416	0.000000
0.403883	0.000000
0.407350	0.000000
0.410817	0.000000
0.414283	0.000000
0.417750	0.000000
0.421217	0.000000
0.424684	0.000000
0.428151	0.000000
0.431617	0.000000
0.435084	0.000000
0.438551	0.000000
0.442018	0.000000
0.445485	0.000000
0.448951	0.000000
0.452418	0.000000
0.455885	0.000000
0.459352	0.000000
0.462819	0.000000
0.466285	0.000000
0.469752	0.000000
0.473219	0.000000
0.476686	0.000000
0.480153	0.000000
0.483619	0.000000
0.487086	0.000000
0.490553	0.000000
0.494020	0.000000
0.497487	0.000000
0.500954	0.000000
0.504420	0.000000
0.507887	0.000000
0.511354	0.000000
0.514821	0.000000
0.518288	0.000000
0.521754	0.000000
0.525221	0.000000
0.528688	0.000000
0.532155	0.000000
0.535622	0.000000
0.539088	0.000000
0.542555	0.000000
0.546022	0.000000
0.549489	0.000000
0.552956	0.000000
0.556422	0.000000
0.559889	0.000000
0.563356	0.000000
0.566823	0.000000
0.570290	0.000000
0.573756	0.000000
0.577223	0.000000
0.580690	0.000000
0.584157	0.000000
0.587624	0.000000
0.591090	0.000000
0.594557	0.000000
0.598024	0.000000
0.601491	0.000000
0.604958	0.000000
0.608425	0.000000
0.611891	0.000000
0.615358	0.000000
0.618825	0.000000
0.622292	0.000000
0.625759	0.000000
0.629225	0.000000
0.632692	0.000000
0.636159	0.000000
0.639626	0.000000
0.643093	0.000000
0.646559	0.000000
0.650026	0.000000
0.653493	0.000000
0.656960	0.000000
0.660427	0.000000
0.663893	0.000000
0.667360	0.000000
0.670827	0.000000
0.674294	0.000000
0.677761	0.000000
0.681227	0.000000
0.684694	0.000000
0.688161	0.000000
0.691628	0.000000
0.695095	0.000000
0.698561	0.000000
0.702028	0.000000
0.705495	0.000000
0.708962	0.000000
0.712429	0.000000
0.715896	0.000000
0.719362	0.000000
0.722829	0.000000
0.726296	0.000000
0.729763	0.000000
0.733230	0.000000
0.736696	0.000000
0.740163	0.000000
0.743630	0.000000
0.747097	0.000000
0.750564	0.000000
0.754030	0.000000
0.757497	0.000000
0.760964	0.000000
0.764431	0.000000
0.767898	0.000000
0.771364	0.000000
0.774831	0.000000
0.778298	0.000000
0.781765	0.000000
0.785232	0.000000
0.788698	0.000000
0.792165	0.000000
0.795632	0.000000
0.799099	0.000000
0.802566	0.000000
0.806032	0.000000
0.809499	0.000000
0.812966	0.000064
0.816433	0.000000
0.819900	0.000316
0.823367	0.000314
0.826833	0.000187
0.830300	0.001048
0.833767	0.000856
0.837234	0.001395
0.840701	0.003127
0.844167	0.003579
0.847634	0.005384
0.851101	0.008098
0.854568	0.012747
0.858035	0.017610
0.861501	0.024341
0.864968	0.034544
0.868435	0.043850
0.871902	0.055356
0.875369	0.072947
0.878835	0.094938
0.882302	0.120786
0.885769	0.150670
0.889236	0.178042
0.892703	0.218267
0.896169	0.270674
0.899636	0.322741
0.903103	0.370823
0.906570	0.417282
0.910037	0.490279
0.913503	0.559355
0.916970	0.638801
0.920437	0.706549
0.923904	0.780336
0.927371	0.864123
0.930838	0.940952
0.934304	1.023922
0.937771	1.109074
0.941238	1.192371
0.944705	1.288134
0.948172	1.369702
0.951638	1.451457
0.955105	1.539120
0.958572	1.613683
0.962039	1.685021
0.965506	1.766877
0.968972	1.815646
0.972439	1.893030
0.975906	1.938924
0.979373	2.003837
0.982840	2.065019
0.986306	2.102525
0.989773	2.143492
0.993240	2.211973
0.996707	2.232598
1.000170	2.274301
1.003640	2.293094
1.007110	2.324105
1.010570	2.323836
1.014040	2.357828
1.017510	2.357800
1.020970	2.373623
1.024440	2.382738
1.027910	2.396906
1.031370	2.411749
1.034840	2.391410
1.038310	2.377872
1.041780	2.369279
1.045240	2.373200
1.048710	2.354247
1.052180	2.341102
1.055640	2.339711
1.059110	2.307139
1.062580	2.286612
1.066040	2.276626
1.069510	2.236510
1.072980	2.212739
1.076440	2.198216
1.079910	2.179386
1.083380	2.147895
1.086840	2.129177
1.090310	2.078648
1.093780	2.081518
1.097240	2.059735
1.100710	2.040815
1.104180	2.010588
1.107640	1.991995
1.111110	1.969116
1.114580	1.903131
1.118050	1.910389
1.121510	1.873893
1.124980	1.853358
1.128450	1.810443
1.131910	1.791043
1.135380	1.772505
1.138850	1.742327
1.142310	1.720366
1.145780	1.708935
1.149250	1.660759
1.152710	1.639460
1.156180	1.620167
1.159650	1.588842
1.163110	1.569896
1.166580	1.554644
1.170050	1.532278
1.173510	1.510677
1.176980	1.482829
1.180450	1.458484
1.183910	1.449255
1.187380	1.424133
1.190850	1.397298
1.194310	1.373372
1.197780	1.349820
1.201250	1.345781
1.204720	1.310897
1.208180	1.303006
1.211650	1.284759
1.215120	1.256711
1.218580	1.247711
1.222050	1.233183
1.225520	1.213253
1.228980	1.202365
1.232450	1.189119
1.235920	1.170546
1.239380	1.153297
1.242850	1.141755
1.246320	1.129144
1.249780	1.110071
1.253250	1.091948
1.256720	1.083213
1.260180	1.072765
1.263650	1.059645
1.267120	1.051499
1.270580	1.031155
1.274050	1.020342
1.277520	1.010095
1.280980	1.003497
1.284450	0.984018
1.287920	0.978088
1.291390	0.965731
1.294850	0.964269
1.298320	0.946063
1.301790	0.941909
1.305250	0.933295
1.308720	0.929200
1.312190	0.919015
1.315650	0.904379
1.319120	0.887539
1.322590	0.896087
1.326050	0.886356
1.329520	0.876473
1.332990	0.868618
1.336450	0.868259
1.339920	0.847624
1.343390	0.842501
1.346850	0.839131
1.350320	0.833312
1.353790	0.824272
1.357250	0.811322
1.360720	0.813322
1.364190	0.808942
1.367660	0.801028
1.371120	0.792121
1.374590	0.792428
1.378060	0.787707
1.381520	0.786721
1.384990	0.775829
1.388460	0.774054
1.391920	0.778167
1.395390	0.770507
1.398860	0.770429
1.402320	0.764895
1.405790	0.761019
1.409260	0.757323
1.412720	0.753568
1.416190	0.747488
1.419660	0.744284
1.423120	0.738921
1.426590	0.728734
1.430060	0.732043
1.433520	0.728734
1.436990	0.719129
1.440460	0.729868
1.443920	0.725308
1.447390	0.717028
1.450860	0.717846
1.454330	0.711654
1.457790	0.711895
1.461260	0.717499
1.464730	0.715552
1.468190	0.708569
1.471660	0.705293
1.475130	0.704151
1.478590	0.706841
1.482060	0.702067
1.485530	0.705189
1.488990	0.706683
1.492460	0.702812
1.495930	0.703054
1.499390	0.701678
1.502860	0.697955
1.506330	0.706230
1.509790	0.696445
1.513260	0.704600
1.516730	0.704967
1.520190	0.698003
1.523660	0.695287
1.527130	0.700701
1.530600	0.702266
1.534060	0.702257
1.537530	0.704146
1.541000	0.704043
1.544460	0.709172
1.547930	0.705201
1.551400	0.710830
1.554860	0.705606
1.558330	0.710400
1.561800	0.710596
1.565260	0.710817
1.568730	0.710512
1.572200	0.705283
1.575660	0.715504
1.579130	0.717735
1.582600	0.727594
1.586060	0.724198
1.589530	0.716685
1.593000	0.728845
1.596460	0.728952
1.599930	0.729135
1.603400	0.731871
1.606860	0.741936
1.610330	0.739336
1.613800	0.741091
1.617270	0.744727
1.620730	0.751610
1.624200	0.755785
1.627670	0.756820
1.631130	0.760254
1.634600	0.764398
1.638070	0.768817
1.641530	0.775228
1.645000	0.777665
1.648470	0.775618
1.651930	0.785451
1.655400	0.790184
1.658870	0.794252
1.662330	0.805111
1.665800	0.800354
1.669270	0.799672
1.672730	0.813831
1.676200	0.809637
1.679670	0.817312
1.683130	0.820114
1.686600	0.821783
1.690070	0.835455
1.693530	0.835461
1.697000	0.844997
1.700470	0.845788
1.703940	0.852130
1.707400	0.856591
1.710870	0.863274
1.714340	0.867133
1.717800	0.876472
1.721270	0.876130
1.724740	0.883299
1.728200	0.886264
1.731670	0.886475
1.735140	0.901658
1.738600	0.905548
1.742070	0.906961
1.745540	0.913225
1.749000	0.923518
1.752470	0.925944
1.755940	0.931777
1.759400	0.935523
1.762870	0.935787
1.766340	0.944747
1.769800	0.950440
1.773270	0.954541
1.776740	0.963652
1.780210	0.971827
1.783670	0.969228
1.787140	0.976864
1.790610	0.984195
1.794070	0.990089
1.797540	0.990642
1.801010	0.998836
1.804470	1.000249
1.807940	1.004792
1.811410	1.015665
1.814870	1.015339
1.818340	1.019982
1.821810	1.030727
1.825270	1.033567
1.828740	1.040202
1.832210	1.045069
1.835670	1.053084
1.839140	1.054748
1.842610	1.056254
1.846070	1.063342
1.849540	1.074035
1.853010	1.077782
1.856470	1.074228
1.859940	1.081925
1.863410	1.087795
1.866880	1.091820
1.870340	1.093792
1.873810	1.093477
1.877280	1.111346
1.880740	1.112420
1.884210	1.114412
1.887680	1.126499
1.891140	1.128637
1.894610	1.130017
1.898080	1.133573
1.901540	1.134993
1.905010	1.144289
1.908480	1.143811
1.911940	1.149190
1.915410	1.150134
1.918880	1.155389
1.922340	1.158817
1.925810	1.162924
1.929280	1.166492
1.932740	1.166771
1.936210	1.170862
1.939680	1.173358
1.943140	1.173385
1.946610	1.175660
1.950080	1.179297
1.953550	1.171028
1.957010	1.184562
1.960480	1.187798
1.963950	1.180445
1.967410	1.189522
1.970880	1.189871
1.974350	1.191028
1.977810	1.185782
1.981280	1.189702
1.984750	1.185809
1.988210	1.191043
1.991680	1.185057
1.995150	1.192956
1.998610	1.186554
2.002080	1.190137
2.005550	1.194576
2.009010	1.188572
2.012480	1.191691
2.015950	1.189499
2.019410	1.187846
2.022880	1.182679
2.026350	1.181512
2.029820	1.186373
2.033280	1.183637
2.036750	1.178792
2.040220	1.181498
2.043680	1.178086
2.047150	1.170283
2.050620	1.173982
2.054080	1.174828
2.057550	1.170138
2.061020	1.160592
2.064480	1.164586
2.067950	1.162374
2.071420	1.160686
2.074880	1.156130
2.078350	1.153958
2.081820	1.154600
2.085280	1.150452
2.088750	1.141726
2.092220	1.141334
2.095680	1.141171
2.099150	1.132785
2.102620	1.130167
2.106080	1.131452
2.109550	1.120314
2.113020	1.121668
2.116490	1.116830
2.119950	1.110692
2.123420	1.114556
2.126890	1.105304
2.130350	1.102561
2.133820	1.103921
2.137290	1.097411
2.140750	1.096021
2.144220	1.089595
2.147690	1.090633
2.151150	1.083951
2.154620	1.082361
2.158090	1.083915
2.161550	1.073945
2.165020	1.070618
2.168490	1.063789
2.171950	1.064198
2.175420	1.061240
2.178890	1.057696
2.182350	1.053240
2.185820	1.050747
2.189290	1.050412
2.192760	1.038393
2.196220	1.040969
2.199690	1.041610
2.203160	1.035206
2.206620	1.035422
2.210090	1.029192
2.213560	1.028182
2.217020	1.022150
2.220490	1.021745
2.223960	1.018742
2.227420	1.010794
2.230890	1.011344
2.234360	1.011759
2.237820	1.001343
2.241290	1.001878
2.244760	0.996744
2.248220	0.988779
2.251690	0.989224
2.255160	0.984086
2.258620	0.988051
2.262090	0.980630
2.265560	0.979205
2.269020	0.978411
2.272490	0.975371
2.275960	0.972860
2.279430	0.964177
2.282890	0.967425
2.286360	0.967315
2.289830	0.957416
2.293290	0.958138
2.296760	0.963393
2.300230	0.951003
2.303690	0.953229
2.307160	0.950862
2.310630	0.945789
2.314090	0.943331
2.317560	0.942046
2.321030	0.942721
2.324490	0.944498
2.327960	0.940236
2.331430	0.934705
2.334890	0.934949
2.338360	0.930873
2.341830	0.935916
2.345290	0.929581
2.348760	0.928480
2.352230	0.928771
2.355690	0.926500
2.359160	0.924023
2.362630	0.925326
2.366100	0.922602
2.369560	0.923780
2.373030	0.924412
2.376500	0.917517
2.379960	0.920774
2.383430	0.917590
2.386900	0.915179
2.390360	0.915205
2.393830	0.916331
2.397300	0.917063
2.400760	0.914424
2.404230	0.912693
2.407700	0.911182
2.411160	0.916036
2.414630	0.914756
2.418100	0.909633
2.421560	0.913497
2.425030	0.914943
2.428500	0.916506
2.431960	0.911156
2.435430	0.908599
2.438900	0.911878
2.442370	0.910602
2.445830	0.909949
2.449300	0.904866
2.452770	0.911799
2.456230	0.908832
2.459700	0.906821
2.463170	0.909300
2.466630	0.909345
2.470100	0.911072
2.473570	0.910736
2.477030	0.910911
2.480500	0.908781
2.483970	0.916332
2.487430	0.907831
2.490900	0.911724
2.494370	0.911528
2.497830	0.907992
2.501300	0.912766
2.504770	0.915695
2.508230	0.915267
2.511700	0.914077
2.515170	0.918419
2.518630	0.912207
2.522100	0.917681
2.525570	0.919407
2.529040	0.922205
2.532500	0.923002
2.535970	0.924790
2.539440	0.920356
2.542900	0.922791
2.546370	0.923053
2.549840	0.925036
2.553300	0.926542
2.556770	0.931868
2.560240	0.928190
2.563700	0.931251
2.567170	0.932154
2.570640	0.932151
2.574100	0.938284
2.577570	0.937784
2.581040	0.939382
2.584500	0.937748
2.587970	0.939045
2.591440	0.941560
2.594900	0.941407
2.598370	0.944858
2.601840	0.946361
2.605300	0.951189
2.608770	0.949132
2.612240	0.949530
2.615710	0.950115
2.619170	0.955192
2.622640	0.953483
2.626110	0.954222
2.629570	0.957922
2.633040	0.959897
2.636510	0.961300
2.639970	0.963193
2.643440	0.964774
2.646910	0.971974
2.650370	0.966595
2.653840	0.969558
2.657310	0.971292
2.660770	0.976183
2.664240	0.976309
2.667710	0.977709
2.671170	0.982181
2.674640	0.977109
2.678110	0.978434
2.681570	0.986215
2.685040	0.990049
2.688510	0.988239
2.691980	0.985589
2.695440	0.999262
2.698910	0.997262
2.702380	0.999181
2.705840	0.995125
2.709310	0.996651
2.712780	0.997542
2.716240	1.000338
2.719710	1.004496
2.723180	1.003516
2.726640	1.006255
2.730110	1.012912
2.733580	1.007824
2.737040	1.013210
2.740510	1.012777
2.743980	1.014894
2.747440	1.014683
2.750910	1.019608
2.754380	1.017402
2.757840	1.019300
2.761310	1.022050
2.764780	1.018659
2.768240	1.023392
2.771710	1.027917
2.775180	1.024776
2.778650	1.026085
2.782110	1.032953
2.785580	1.033331
2.789050	1.028196
2.792510	1.033837
2.795980	1.028302
2.799450	1.036468
2.802910	1.036985
2.806380	1.035244
2.809850	1.039895
2.813310	1.035545
2.816780	1.042365
2.820250	1.035638
2.823710	1.040503
2.827180	1.043621
2.830650	1.041506
2.834110	1.043437
2.837580	1.043028
2.841050	1.049131
2.844510	1.043580
2.847980	1.044290
2.851450	1.044011
2.854920	1.046098
2.858380	1.046548
2.861850	1.045432
2.865320	1.049378
2.868780	1.049591
2.872250	1.044937
2.875720	1.050747
2.879180	1.041634
2.882650	1.049228
2.886120	1.047510
2.889580	1.046454
2.893050	1.044070
2.896520	1.049243
2.899980	1.052760
2.903450	1.047878
2.906920	1.049731
2.910380	1.049595
2.913850	1.046709
2.917320	1.053783
2.920780	1.046668
2.924250	1.053732
2.927720	1.051933
2.931180	1.053281
2.934650	1.051977
2.938120	1.049782
2.941590	1.049458
2.945050	1.052926
2.948520	1.053116
2.951990	1.051976
2.955450	1.054114
2.958920	1.049150
2.962390	1.049232
2.965850	1.049387
2.969320	1.051363
2.972790	1.048716
2.976250	1.052728
2.979720	1.051382
2.983190	1.047472
2.986650	1.048201
2.990120	1.046271
2.993590	1.045267
2.997050	1.048393
3.000520	1.044276
3.003990	1.047492
3.007450	1.045168
3.010920	1.042443
3.014390	1.040762
3.017850	1.039674
3.021320	1.041551
3.024790	1.037028
3.028260	1.040556
3.031720	1.035406
3.035190	1.037542
3.038660	1.033997
3.042120	1.032974
3.045590	1.034986
3.049060	1.035935
3.052520	1.031143
3.055990	1.030575
3.059460	1.031157
3.062920	1.029607
3.066390	1.027515
3.069860	1.028958
3.073320	1.024937
3.076790	1.026010
3.080260	1.023944
3.083720	1.027314
3.087190	1.019544
3.090660	1.022393
3.094120	1.021379
3.097590	1.022855
3.101060	1.016043
3.104530	1.014785
3.107990	1.015278
3.111460	1.019325
3.114930	1.013777
3.118390	1.015431
3.121860	1.012292
3.125330	1.012758
3.128790	1.013121
3.132260	1.011369
3.135730	1.009350
3.139190	1.008804
3.142660	1.008465
3.146130	1.006579
3.149590	1.007061
3.153060	1.003191
3.156530	1.002943
3.159990	1.000314
3.163460	1.001193
3.166930	1.002436
3.170390	1.002397
3.173860	1.000702
3.177330	1.002658
3.180790	0.996222
3.184260	0.998514
3.187730	0.998315
3.191200	0.992570
3.194660	0.994868
3.198130	0.992002
3.201600	0.991294
3.205060	0.997245
3.208530	0.993563
3.212000	0.992100
3.215460	0.988428
3.218930	0.988861
3.222400	0.990168
3.225860	0.989769
3.229330	0.984685
3.232800	0.984584
3.236260	0.986924
3.239730	0.989936
3.243200	0.985194
3.246660	0.982437
3.250130	0.985590
3.253600	0.981206
3.257060	0.983931
3.260530	0.981068
3.264000	0.980390
3.267470	0.978493
3.270930	0.979197
3.274400	0.979908
3.277870	0.973880
3.281330	0.978957
3.284800	0.974883
3.288270	0.978789
3.291730	0.973778
3.295200	0.977930
3.298670	0.979166
3.302130	0.971543
3.305600	0.973171
3.309070	0.973924
3.312530	0.973727
3.316000	0.973563
3.319470	0.974795
3.322930	0.972399
3.326400	0.973485
3.329870	0.974192
3.333330	0.970094
3.336800	0.970977
3.340270	0.971317
3.343730	0.971193
3.347200	0.971277
3.350670	0.973270
3.354140	0.970141
3.357600	0.971543
3.361070	0.973453
3.364540	0.971972
3.368000	0.972840
3.371470	0.967681
3.374940	0.974792
3.378400	0.969836
3.381870	0.967652
3.385340	0.971200
3.388800	0.970855
3.392270	0.972631
3.395740	0.969489
3.399200	0.971872
3.402670	0.970051
3.406140	0.970216
3.409600	0.969747
3.413070	0.974161
3.416540	0.971391
3.420000	0.973060
3.423470	0.970651
3.426940	0.969463
3.430400	0.971770
3.433870	0.972068
3.437340	0.971229
3.440810	0.971994
3.444270	0.973188
3.447740	0.973492
3.451210	0.972187
3.454670	0.973813
3.458140	0.973091
3.461610	0.974952
3.465070	0.974256
