# Average Pressure: -97.858024225
# Average Potential Energy per Particle: -4.812467205
# r	g(r)
0.001733	0.000000
0.005200	0.000000
0.008667	0.000000
0.012134	0.000000
0.015601	0.000000
0.019067	0.000000
0.022534	0.000000
0.026001	0.000000
0.029468	0.000000
0.032935	0.000000
0.036402	0.000000
0.039868	0.000000
0.043335	0.000000
0.046802	0.000000
0.050269	0.000000
0.053735	0.000000
0.057202	0.000000
0.060669	0.000000
0.064136	0.000000
0.067603	0.000000
0.071069	0.000000
0.074536	0.000000
0.078003	0.000000
0.081470	0.000000
0.084937	0.000000
0.088404	0.000000
0.091870	0.000000
0.095337	0.000000
0.098804	0.000000
0.102271	0.000000
0.105738	0.000000
0.109204	0.000000
0.112671	0.000000
0.116138	0.000000
0.119605	0.000000
0.123072	0.000000
0.126538	0.000000
0.130005	0.000000
0.133472	0.000000
0.136939	0.000000
0.140406	0.000000
0.143872	0.000000
0.147339	0.000000
0.150806	0.000000
0.154273	0.000000
0.157740	0.000000
0.161206	0.000000
0.164673	0.000000
0.168140	0.000000
0.171607	0.000000
0.175074	0.000000
0.178541	0.000000
0.182007	0.000000
0.185474	0.000000
0.188941	0.000000
0.192408	0.000000
0.195875	0.000000
0.199341	0.000000
0.202808	0.000000
0.206275	0.000000
0.209742	0.000000
0.213209	0.000000
0.216675	0.000000
0.220142	0.000000
0.223609	0.000000
0.227076	0.000000
0.230543	0.000000
0.234009	0.000000
0.237476	0.000000
0.240943	0.000000
0.244410	0.000000
0.247877	0.000000
0.251343	0.000000
0.254810	0.000000
0.258277	0.000000
0.261744	0.000000
0.265211	0.000000
0.268677	0.000000
0.272144	0.000000
0.275611	0.000000
0.279078	0.000000
0.282545	0.000000
0.286012	0.000000
0.289478	0.000000
0.292945	0.000000
0.296412	0.000000
0.299879	0.000000
0.303346	0.000000
0.306812	0.000000
0.310279	0.000000
0.313746	0.000000
0.317213	0.000000
0.320680	0.000000
0.324146	0.000000
0.327613	0.000000
0.331080	0.000000
0.334547	0.000000
0.338014	0.000000
0.341480	0.000000
0.344947	0.000000
0.348414	0.000000
0.351881	0.000000
0.355348	0.000000
0.358814	0.000000
0.362281	0.000000
0.365748	0.000000
0.369215	0.000000
0.372682	0.000000
0.376148	0.000000
0.379615	0.000000
0.383082	0.000000
0.386549	0.000000
0.390016	0.000000
0.393483	0.000000
0.396949	0.000000
0.400416	0.000000
0.403883	0.000000
0.407350	0.000000
0.410817	0.000000
0.414283	0.000000
0.417750	0.000000
0.421217	0.000000
0.424684	0.000000
0.428151	0.000000
0.431617	0.000000
0.435084	0.000000
0.438551	0.000000
0.442018	0.000000
0.445485	0.000000
0.448951	0.000000
0.452418	0.000000
0.455885	0.000000
0.459352	0.000000
0.462819	0.000000
0.466285	0.000000
0.469752	0.000000
0.473219	0.000000
0.476686	0.000000
0.480153	0.000000
0.483619	0.000000
0.487086	0.000000
0.490553	0.000000
0.494020	0.000000
0.497487	0.000000
0.500954	0.000000
0.504420	0.000000
0.507887	0.000000
0.511354	0.000000
0.514821	0.000000
0.518288	0.000000
0.521754	0.000000
0.525221	0.000000
0.528688	0.000000
0.532155	0.000000
0.535622	0.000000
0.539088	0.000000
0.542555	0.000000
0.546022	0.000000
0.549489	0.000000
0.552956	0.000000
0.556422	0.000000
0.559889	0.000000
0.563356	0.000000
0.566823	0.000000
0.570290	0.000000
0.573756	0.000000
0.577223	0.000000
0.580690	0.000000
0.584157	0.000000
0.587624	0.000000
0.591090	0.000000
0.594557	0.000000
0.598024	0.000000
0.601491	0.000000
0.604958	0.000000
0.608425	0.000000
0.611891	0.000000
0.615358	0.000000
0.618825	0.000000
0.622292	0.000000
0.625759	0.000000
0.629225	0.000000
0.632692	0.000000
0.636159	0.000000
0.639626	0.000000
0.643093	0.000000
0.646559	0.000000
0.650026	0.000000
0.653493	0.000000
0.656960	0.000000
0.660427	0.000000
0.663893	0.000000
0.667360	0.000000
0.670827	0.000000
0.674294	0.000000
0.677761	0.000000
0.681227	0.000000
0.684694	0.000000
0.688161	0.000000
0.691628	0.000000
0.695095	0.000000
0.698561	0.000000
0.702028	0.000000
0.705495	0.000000
0.708962	0.000000
0.712429	0.000000
0.715896	0.000000
0.719362	0.000000
0.722829	0.000000
0.726296	0.000000
0.729763	0.000000
0.733230	0.000000
0.736696	0.000000
0.740163	0.000000
0.743630	0.000000
0.747097	0.000000
0.750564	0.000000
0.754030	0.000000
0.757497	0.000000
0.760964	0.000000
0.764431	0.000000
0.767898	0.000000
0.771364	0.000000
0.774831	0.000000
0.778298	0.000000
0.781765	0.000000
0.785232	0.000000
0.788698	0.000000
0.792165	0.000000
0.795632	0.000000
0.799099	0.000000
0.802566	0.000000
0.806032	0.000000
0.809499	0.000000
0.812966	0.000000
0.816433	0.000000
0.819900	0.000000
0.823367	0.000000
0.826833	0.000062
0.830300	0.000062
0.833767	0.000061
0.837234	0.000061
0.840701	0.000541
0.844167	0.000477
0.847634	0.001065
0.851101	0.001408
0.854568	0.002678
0.858035	0.004099
0.861501	0.005842
0.864968	0.007727
0.868435	0.013189
0.871902	0.017949
0.875369	0.026072
0.878835	0.036985
0.882302	0.048052
0.885769	0.063551
0.889236	0.082839
0.892703	0.099106
0.896169	0.124645
0.899636	0.157300
0.903103	0.197269
0.906570	0.247483
0.910037	0.290974
0.913503	0.334717
0.916970	0.400034
0.920437	0.451916
0.923904	0.534732
0.927371	0.609527
0.930838	0.677652
0.934304	0.756875
0.937771	0.860529
0.941238	0.948581
0.944705	1.035413
0.948172	1.118637
0.951638	1.203626
0.955105	1.310558
0.958572	1.400974
0.962039	1.482660
0.965506	1.573673
0.968972	1.676068
0.972439	1.753906
0.975906	1.819532
0.979373	1.912279
0.982840	1.980926
0.986306	2.052843
0.989773	2.118977
0.993240	2.176986
0.996707	2.237219
1.000170	2.295505
1.003640	2.325545
1.007110	2.368068
1.010570	2.398257
1.014040	2.442737
1.017510	2.454859
1.020970	2.476590
1.024440	2.491409
1.027910	2.503155
1.031370	2.514488
1.034840	2.505409
1.038310	2.517055
1.041780	2.524301
1.045240	2.507664
1.048710	2.508308
1.052180	2.500601
1.055640	2.493853
1.059110	2.489529
1.062580	2.460360
1.066040	2.449133
1.069510	2.411356
1.072980	2.388193
1.076440	2.365498
1.079910	2.336301
1.083380	2.337634
1.086840	2.278086
1.090310	2.263692
1.093780	2.225312
1.097240	2.209790
1.100710	2.185189
1.104180	2.165527
1.107640	2.121748
1.111110	2.082429
1.114580	2.037844
1.118050	2.038318
1.121510	1.993225
1.124980	1.973635
1.128450	1.948075
1.131910	1.922160
1.135380	1.882312
1.138850	1.855006
1.142310	1.817930
1.145780	1.796262
1.149250	1.778231
1.152710	1.736296
1.156180	1.716137
1.159650	1.699032
1.163110	1.659352
1.166580	1.634792
1.170050	1.584380
1.173510	1.573552
1.176980	1.540026
1.180450	1.521355
1.183910	1.498081
1.187380	1.470233
1.190850	1.459914
1.194310	1.438696
1.197780	1.412692
1.201250	1.396095
1.204720	1.362650
1.208180	1.342144
1.211650	1.341944
1.215120	1.312793
1.218580	1.285611
1.222050	1.262529
1.225520	1.248405
1.228980	1.240949
1.232450	1.215705
1.235920	1.203634
1.239380	1.177483
1.242850	1.163137
1.246320	1.144387
1.249780	1.122889
1.253250	1.101393
1.256720	1.095540
1.260180	1.082080
1.263650	1.062653
1.267120	1.050758
1.270580	1.046295
1.274050	1.029639
1.277520	1.012726
1.280980	1.018366
1.284450	1.002259
1.287920	0.988005
1.291390	0.974142
1.294850	0.955218
1.298320	0.933782
1.301790	0.935137
1.305250	0.929502
1.308720	0.912125
1.312190	0.906770
1.315650	0.899197
1.319120	0.890642
1.322590	0.873463
1.326050	0.870740
1.329520	0.866253
1.332990	0.857686
1.336450	0.850981
1.339920	0.841753
1.343390	0.828110
1.346850	0.819893
1.350320	0.821073
1.353790	0.802030
1.357250	0.802854
1.360720	0.804070
1.364190	0.788454
1.367660	0.789257
1.371120	0.774779
1.374590	0.777153
1.378060	0.773135
1.381520	0.766187
1.384990	0.754821
1.388460	0.750659
1.391920	0.752388
1.395390	0.756841
1.398860	0.743580
1.402320	0.742609
1.405790	0.732519
1.409260	0.736304
1.412720	0.725283
1.416190	0.717264
1.419660	0.720789
1.423120	0.720031
1.426590	0.710395
1.430060	0.708826
1.433520	0.706621
1.436990	0.703072
1.440460	0.698094
1.443920	0.704553
1.447390	0.697671
1.450860	0.691897
1.454330	0.689125
1.457790	0.691432
1.461260	0.684811
1.464730	0.678799
1.468190	0.685240
1.471660	0.683762
1.475130	0.676118
1.478590	0.678512
1.482060	0.680063
1.485530	0.681207
1.488990	0.676141
1.492460	0.678366
1.495930	0.680715
1.499390	0.673430
1.502860	0.673827
1.506330	0.667882
1.509790	0.676883
1.513260	0.672394
1.516730	0.671392
1.520190	0.665851
1.523660	0.674103
1.527130	0.676806
1.530600	0.672600
1.534060	0.675326
1.537530	0.674136
1.541000	0.670802
1.544460	0.677381
1.547930	0.678767
1.551400	0.673900
1.554860	0.680621
1.558330	0.684458
1.561800	0.682730
1.565260	0.682069
1.568730	0.688592
1.572200	0.684767
1.575660	0.685062
1.579130	0.697962
1.582600	0.689323
1.586060	0.684235
1.589530	0.697488
1.593000	0.696064
1.596460	0.705853
1.599930	0.707746
1.603400	0.710955
1.606860	0.709142
1.610330	0.708584
1.613800	0.710994
1.617270	0.720967
1.620730	0.728130
1.624200	0.731453
1.627670	0.728613
1.631130	0.731591
1.634600	0.736080
1.638070	0.731779
1.641530	0.751092
1.645000	0.751165
1.648470	0.754704
1.651930	0.758487
1.655400	0.760945
1.658870	0.764100
1.662330	0.759886
1.665800	0.777100
1.669270	0.787865
1.672730	0.784876
1.676200	0.792556
1.679670	0.791683
1.683130	0.800683
1.686600	0.802357
1.690070	0.814576
1.693530	0.813437
1.697000	0.818383
1.700470	0.831396
1.703940	0.836508
1.707400	0.837300
1.710870	0.839269
1.714340	0.844816
1.717800	0.850212
1.721270	0.858239
1.724740	0.864566
1.728200	0.869157
1.731670	0.879118
1.735140	0.873943
1.738600	0.879490
1.742070	0.893920
1.745540	0.904115
1.749000	0.903730
1.752470	0.910456
1.755940	0.919659
1.759400	0.919732
1.762870	0.930781
1.766340	0.938425
1.769800	0.934929
1.773270	0.947471
1.776740	0.954926
1.780210	0.957488
1.783670	0.960878
1.787140	0.973789
1.790610	0.975710
1.794070	0.985705
1.797540	0.988050
1.801010	0.991747
1.804470	1.002886
1.807940	1.008459
1.811410	1.006829
1.814870	1.011609
1.818340	1.014030
1.821810	1.027615
1.825270	1.030480
1.828740	1.037189
1.832210	1.042549
1.835670	1.042665
1.839140	1.060265
1.842610	1.062714
1.846070	1.063255
1.849540	1.076185
1.853010	1.072520
1.856470	1.085144
1.859940	1.091669
1.863410	1.096792
1.866880	1.102651
1.870340	1.095906
1.873810	1.107739
1.877280	1.118993
1.880740	1.117984
1.884210	1.116843
1.887680	1.128539
1.891140	1.127187
1.894610	1.134919
1.898080	1.134317
1.901540	1.148595
1.905010	1.150977
1.908480	1.152389
1.911940	1.155400
1.915410	1.156704
1.918880	1.170316
1.922340	1.162532
1.925810	1.163233
1.929280	1.180938
1.932740	1.174475
1.936210	1.183822
1.939680	1.183876
1.943140	1.187323
1.946610	1.182727
1.950080	1.196142
1.953550	1.197849
1.957010	1.201033
1.960480	1.198846
1.963950	1.205605
1.967410	1.200746
1.970880	1.205268
1.974350	1.210984
1.977810	1.219305
1.981280	1.213006
1.984750	1.208696
1.988210	1.213184
1.991680	1.208932
1.995150	1.219535
1.998610	1.206113
2.002080	1.214507
2.005550	1.213461
2.009010	1.209456
2.012480	1.213721
2.015950	1.210721
2.019410	1.212769
2.022880	1.205033
2.026350	1.218698
2.029820	1.208988
2.033280	1.206802
2.036750	1.207800
2.040220	1.200248
2.043680	1.199845
2.047150	1.193257
2.050620	1.194098
2.054080	1.203561
2.057550	1.196546
2.061020	1.183238
2.064480	1.194656
2.067950	1.187701
2.071420	1.182837
2.074880	1.188812
2.078350	1.182260
2.081820	1.185613
2.085280	1.175956
2.088750	1.177502
2.092220	1.161658
2.095680	1.163848
2.099150	1.161686
2.102620	1.154406
2.106080	1.154289
2.109550	1.153392
2.113020	1.149725
2.116490	1.150811
2.119950	1.139010
2.123420	1.141217
2.126890	1.129031
2.130350	1.129171
2.133820	1.126402
2.137290	1.123345
2.140750	1.120666
2.144220	1.111229
2.147690	1.105996
2.151150	1.106025
2.154620	1.107843
2.158090	1.101466
2.161550	1.090812
2.165020	1.089426
2.168490	1.088395
2.171950	1.082336
2.175420	1.076250
2.178890	1.071708
2.182350	1.073705
2.185820	1.063683
2.189290	1.064406
2.192760	1.058328
2.196220	1.055026
2.199690	1.052205
2.203160	1.043596
2.206620	1.051415
2.210090	1.041332
2.213560	1.039894
2.217020	1.036307
2.220490	1.032720
2.223960	1.028823
2.227420	1.021649
2.230890	1.023267
2.234360	1.015777
2.237820	1.012268
2.241290	1.002944
2.244760	0.996576
2.248220	1.001570
2.251690	0.996954
2.255160	0.989979
2.258620	0.991867
2.262090	0.985456
2.265560	0.981432
2.269020	0.970080
2.272490	0.971815
2.275960	0.968913
2.279430	0.971671
2.282890	0.962661
2.286360	0.957281
2.289830	0.956500
2.293290	0.955099
2.296760	0.950653
2.300230	0.946962
2.303690	0.949448
2.307160	0.947987
2.310630	0.938289
2.314090	0.931876
2.317560	0.936134
2.321030	0.934318
2.324490	0.931840
2.327960	0.926031
2.331430	0.929653
2.334890	0.922442
2.338360	0.926581
2.341830	0.917747
2.345290	0.917471
2.348760	0.919395
2.352230	0.913690
2.355690	0.916059
2.359160	0.912574
2.362630	0.912944
2.366100	0.909109
2.369560	0.913862
2.373030	0.904620
2.376500	0.909983
2.379960	0.899927
2.383430	0.900821
2.386900	0.906345
2.390360	0.904656
2.393830	0.896993
2.397300	0.897803
2.400760	0.898538
2.404230	0.898022
2.407700	0.896487
2.411160	0.900513
2.414630	0.896872
2.418100	0.897944
2.421560	0.900681
2.425030	0.900182
2.428500	0.898638
2.431960	0.900332
2.435430	0.894366
2.438900	0.896607
2.442370	0.895823
2.445830	0.895290
2.449300	0.892778
2.452770	0.891302
2.456230	0.898200
2.459700	0.894139
2.463170	0.892675
2.466630	0.891997
2.470100	0.892860
2.473570	0.893813
2.477030	0.895940
2.480500	0.897292
2.483970	0.895031
2.487430	0.894249
2.490900	0.895631
2.494370	0.892515
2.497830	0.895442
2.501300	0.897527
2.504770	0.903073
2.508230	0.903653
2.511700	0.902670
2.515170	0.901022
2.518630	0.905921
2.522100	0.904342
2.525570	0.901900
2.529040	0.903424
2.532500	0.905710
2.535970	0.905583
2.539440	0.908932
2.542900	0.906797
2.546370	0.909541
2.549840	0.916968
2.553300	0.912557
2.556770	0.913452
2.560240	0.917970
2.563700	0.917683
2.567170	0.920112
2.570640	0.918250
2.574100	0.923317
2.577570	0.926107
2.581040	0.922939
2.584500	0.926764
2.587970	0.924575
2.591440	0.926793
2.594900	0.937929
2.598370	0.936308
2.601840	0.935743
2.605300	0.937117
2.608770	0.939295
2.612240	0.942478
2.615710	0.946990
2.619170	0.944447
2.622640	0.948094
2.626110	0.947436
2.629570	0.945480
2.633040	0.956218
2.636510	0.956762
2.639970	0.955435
2.643440	0.961605
2.646910	0.961860
2.650370	0.960090
2.653840	0.962466
2.657310	0.963954
2.660770	0.970173
2.664240	0.971554
2.667710	0.973020
2.671170	0.977439
2.674640	0.982190
2.678110	0.979826
2.681570	0.981840
2.685040	0.978210
2.688510	0.984522
2.691980	0.987331
2.695440	0.990147
2.698910	0.991573
2.702380	0.994635
2.705840	0.994295
2.709310	0.999112
2.712780	1.002481
2.716240	1.002539
2.719710	1.001904
2.723180	1.005884
2.726640	1.006255
2.730110	1.007129
2.733580	1.010901
2.737040	1.011219
2.740510	1.013145
2.743980	1.012692
2.747440	1.014683
2.750910	1.017648
2.754380	1.019772
2.757840	1.021496
2.761310	1.020149
2.764780	1.026495
2.768240	1.023830
2.771710	1.025389
2.775180	1.027917
2.778650	1.030253
2.782110	1.031734
2.785580	1.029765
2.789050	1.037092
2.792510	1.038596
2.795980	1.040378
2.799450	1.035188
2.802910	1.037212
2.806380	1.037765
2.809850	1.040498
2.813310	1.042538
2.816780	1.047390
2.820250	1.046648
2.823710	1.039703
2.827180	1.047115
2.830650	1.045352
2.834110	1.050597
2.837580	1.046338
2.841050	1.046729
2.844510	1.049527
2.847980	1.048488
2.851450	1.049349
2.854920	1.051465
2.858380	1.051085
2.861850	1.048401
2.865320	1.053732
2.868780	1.058268
2.872250	1.053753
2.875720	1.056504
2.879180	1.054838
2.882650	1.057802
2.886120	1.058175
2.889580	1.057089
2.893050	1.058508
2.896520	1.061037
2.899980	1.057623
2.903450	1.063131
2.906920	1.055526
2.910380	1.063261
2.913850	1.057713
2.917320	1.060356
2.920780	1.060969
2.924250	1.058022
2.927720	1.056297
2.931180	1.060752
2.934650	1.063093
2.938120	1.063368
2.941590	1.059829
2.945050	1.059097
2.948520	1.054393
2.951990	1.060937
2.955450	1.059155
2.958920	1.059379
2.962390	1.057568
2.965850	1.060666
2.969320	1.061246
2.972790	1.054463
2.976250	1.062570
2.979720	1.057122
2.983190	1.056853
2.986650	1.059614
2.990120	1.051306
2.993590	1.055474
2.997050	1.052884
3.000520	1.053950
3.003990	1.049550
3.007450	1.052626
3.010920	1.049036
3.014390	1.048453
3.017850	1.043721
3.021320	1.046752
3.024790	1.043755
3.028260	1.044088
3.031720	1.039828
3.035190	1.045778
3.038660	1.038752
3.042120	1.041811
3.045590	1.043148
3.049060	1.041170
3.052520	1.038031
3.055990	1.037484
3.059460	1.039685
3.062920	1.035566
3.066390	1.037230
3.069860	1.031574
3.073320	1.033951
3.076790	1.032938
3.080260	1.032003
3.083720	1.032835
3.087190	1.032594
3.090660	1.034092
3.094120	1.027697
3.097590	1.029067
3.101060	1.027969
3.104530	1.019006
3.107990	1.023577
3.111460	1.024981
3.114930	1.020366
3.118390	1.019872
3.121860	1.020871
3.125330	1.021010
3.128790	1.016795
3.132260	1.019102
3.135730	1.016669
3.139190	1.017130
3.142660	1.013256
3.146130	1.011200
3.149590	1.004875
3.153060	1.008758
3.156530	1.009641
3.159990	1.009666
3.163460	1.008184
3.166930	1.005013
3.170390	1.001167
3.173860	1.004285
3.177330	1.004191
3.180790	0.999226
3.184260	1.002933
3.187730	0.995830
3.191200	0.995963
3.194660	0.998358
3.198130	0.994666
3.201600	0.997395
3.205060	0.996024
3.208530	0.995219
3.212000	0.992673
3.215460	0.990426
3.218930	0.993993
3.222400	0.988837
3.225860	0.992440
3.229330	0.987294
3.232800	0.987903
3.236260	0.988121
3.239730	0.983999
3.243200	0.981222
3.246660	0.984349
3.250130	0.982689
3.253600	0.979969
3.257060	0.982436
3.260530	0.982624
3.264000	0.981024
3.267470	0.980444
3.270930	0.978279
3.274400	0.980447
3.277870	0.975597
3.281330	0.975432
3.284800	0.974016
3.288270	0.976190
3.291730	0.974135
3.295200	0.971972
3.298670	0.974392
3.302130	0.972931
3.305600	0.971191
3.309070	0.970310
3.312530	0.969931
3.316000	0.970076
3.319470	0.968117
3.322930	0.968615
3.326400	0.967073
3.329870	0.965306
3.333330	0.965637
3.336800	0.967289
3.340270	0.964916
3.343730	0.964072
3.347200	0.961682
3.350670	0.963362
3.354140	0.965029
3.357600	0.963414
3.361070	0.961047
3.364540	0.966050
3.368000	0.966829
3.371470	0.966855
3.374940	0.963111
3.378400	0.970685
3.381870	0.965794
3.385340	0.969157
3.388800	0.962452
3.392270	0.961927
3.395740	0.968600
3.399200	0.966409
3.402670	0.963391
3.406140	0.965669
3.409600	0.965502
3.413070	0.961221
3.416540	0.965943
3.420000	0.965235
3.423470	0.966912
3.426940	0.965869
3.430400	0.968090
3.433870	0.967634
3.437340	0.968584
3.440810	0.969588
3.444270	0.969684
3.447740	0.968107
3.451210	0.967266
3.454670	0.969667
3.458140	0.968786
3.461610	0.970382
3.465070	0.967193
