# Average Pressure: -134.86205952499998
# Average Potential Energy per Particle: -4.174072022500001
# r	g(r)
0.001733	0.000000
0.005200	0.000000
0.008667	0.000000
0.012134	0.000000
0.015601	0.000000
0.019067	0.000000
0.022534	0.000000
0.026001	0.000000
0.029468	0.000000
0.032935	0.000000
0.036402	0.000000
0.039868	0.000000
0.043335	0.000000
0.046802	0.000000
0.050269	0.000000
0.053735	0.000000
0.057202	0.000000
0.060669	0.000000
0.064136	0.000000
0.067603	0.000000
0.071069	0.000000
0.074536	0.000000
0.078003	0.000000
0.081470	0.000000
0.084937	0.000000
0.088404	0.000000
0.091870	0.000000
0.095337	0.000000
0.098804	0.000000
0.102271	0.000000
0.105738	0.000000
0.109204	0.000000
0.112671	0.000000
0.116138	0.000000
0.119605	0.000000
0.123072	0.000000
0.126538	0.000000
0.130005	0.000000
0.133472	0.000000
0.136939	0.000000
0.140406	0.000000
0.143872	0.000000
0.147339	0.000000
0.150806	0.000000
0.154273	0.000000
0.157740	0.000000
0.161206	0.000000
0.164673	0.000000
0.168140	0.000000
0.171607	0.000000
0.175074	0.000000
0.178541	0.000000
0.182007	0.000000
0.185474	0.000000
0.188941	0.000000
0.192408	0.000000
0.195875	0.000000
0.199341	0.000000
0.202808	0.000000
0.206275	0.000000
0.209742	0.000000
0.213209	0.000000
0.216675	0.000000
0.220142	0.000000
0.223609	0.000000
0.227076	0.000000
0.230543	0.000000
0.234009	0.000000
0.237476	0.000000
0.240943	0.000000
0.244410	0.000000
0.247877	0.000000
0.251343	0.000000
0.254810	0.000000
0.258277	0.000000
0.261744	0.000000
0.265211	0.000000
0.268677	0.000000
0.272144	0.000000
0.275611	0.000000
0.279078	0.000000
0.282545	0.000000
0.286012	0.000000
0.289478	0.000000
0.292945	0.000000
0.296412	0.000000
0.299879	0.000000
0.303346	0.000000
0.306812	0.000000
0.310279	0.000000
0.313746	0.000000
0.317213	0.000000
0.320680	0.000000
0.324146	0.000000
0.327613	0.000000
0.331080	0.000000
0.334547	0.000000
0.338014	0.000000
0.341480	0.000000
0.344947	0.000000
0.348414	0.000000
0.351881	0.000000
0.355348	0.000000
0.358814	0.000000
0.362281	0.000000
0.365748	0.000000
0.369215	0.000000
0.372682	0.000000
0.376148	0.000000
0.379615	0.000000
0.383082	0.000000
0.386549	0.000000
0.390016	0.000000
0.393483	0.000000
0.396949	0.000000
0.400416	0.000000
0.403883	0.000000
0.407350	0.000000
0.410817	0.000000
0.414283	0.000000
0.417750	0.000000
0.421217	0.000000
0.424684	0.000000
0.428151	0.000000
0.431617	0.000000
0.435084	0.000000
0.438551	0.000000
0.442018	0.000000
0.445485	0.000000
0.448951	0.000000
0.452418	0.000000
0.455885	0.000000
0.459352	0.000000
0.462819	0.000000
0.466285	0.000000
0.469752	0.000000
0.473219	0.000000
0.476686	0.000000
0.480153	0.000000
0.483619	0.000000
0.487086	0.000000
0.490553	0.000000
0.494020	0.000000
0.497487	0.000000
0.500954	0.000000
0.504420	0.000000
0.507887	0.000000
0.511354	0.000000
0.514821	0.000000
0.518288	0.000000
0.521754	0.000000
0.525221	0.000000
0.528688	0.000000
0.532155	0.000000
0.535622	0.000000
0.539088	0.000000
0.542555	0.000000
0.546022	0.000000
0.549489	0.000000
0.552956	0.000000
0.556422	0.000000
0.559889	0.000000
0.563356	0.000000
0.566823	0.000000
0.570290	0.000000
0.573756	0.000000
0.577223	0.000000
0.580690	0.000000
0.584157	0.000000
0.587624	0.000000
0.591090	0.000000
0.594557	0.000000
0.598024	0.000000
0.601491	0.000000
0.604958	0.000000
0.608425	0.000000
0.611891	0.000000
0.615358	0.000000
0.618825	0.000000
0.622292	0.000000
0.625759	0.000000
0.629225	0.000000
0.632692	0.000000
0.636159	0.000000
0.639626	0.000000
0.643093	0.000000
0.646559	0.000000
0.650026	0.000000
0.653493	0.000000
0.656960	0.000000
0.660427	0.000000
0.663893	0.000000
0.667360	0.000000
0.670827	0.000000
0.674294	0.000000
0.677761	0.000000
0.681227	0.000000
0.684694	0.000000
0.688161	0.000000
0.691628	0.000000
0.695095	0.000000
0.698561	0.000000
0.702028	0.000000
0.705495	0.000000
0.708962	0.000000
0.712429	0.000000
0.715896	0.000000
0.719362	0.000000
0.722829	0.000000
0.726296	0.000000
0.729763	0.000000
0.733230	0.000000
0.736696	0.000000
0.740163	0.000000
0.743630	0.000000
0.747097	0.000000
0.750564	0.000000
0.754030	0.000000
0.757497	0.000000
0.760964	0.000000
0.764431	0.000000
0.767898	0.000000
0.771364	0.000000
0.774831	0.000000
0.778298	0.000000
0.781765	0.000000
0.785232	0.000000
0.788698	0.000000
0.792165	0.000000
0.795632	0.000000
0.799099	0.000000
0.802566	0.000000
0.806032	0.000000
0.809499	0.000000
0.812966	0.000064
0.816433	0.000064
0.819900	0.000126
0.823367	0.000376
0.826833	0.000560
0.830300	0.001048
0.833767	0.000978
0.837234	0.002790
0.840701	0.003729
0.844167	0.004474
0.847634	0.009111
0.851101	0.012851
0.854568	0.018102
0.858035	0.023557
0.861501	0.032073
0.864968	0.047384
0.868435	0.060252
0.871902	0.076492
0.875369	0.096191
0.878835	0.123942
0.882302	0.155023
0.885769	0.181606
0.889236	0.217715
0.892703	0.262859
0.896169	0.313599
0.899636	0.367857
0.903103	0.420596
0.906570	0.486484
0.910037	0.553309
0.913503	0.627307
0.916970	0.681771
0.920437	0.769016
0.923904	0.851447
0.927371	0.935644
0.930838	1.004631
0.934304	1.106802
0.937771	1.179258
0.941238	1.251676
0.944705	1.343098
0.948172	1.416228
0.951638	1.508111
0.955105	1.564190
0.958572	1.649211
0.962039	1.713955
0.965506	1.789995
0.968972	1.858113
0.972439	1.941937
0.975906	1.973424
0.979373	2.042172
0.982840	2.075492
0.986306	2.131845
0.989773	2.141062
0.993240	2.197108
0.996707	2.214627
1.000170	2.259853
1.003640	2.299213
1.007110	2.314549
1.010570	2.321380
1.014040	2.320210
1.017510	2.335670
1.020970	2.350787
1.024440	2.351307
1.027910	2.362911
1.031370	2.358801
1.034840	2.354812
1.038310	2.357921
1.041780	2.331601
1.045240	2.329507
1.048710	2.304504
1.052180	2.311537
1.055640	2.291573
1.059110	2.253631
1.062580	2.264776
1.066040	2.219548
1.069510	2.222537
1.072980	2.193244
1.076440	2.171399
1.079910	2.125514
1.083380	2.117908
1.086840	2.073291
1.090310	2.071854
1.093780	2.052596
1.097240	2.029477
1.100710	1.992152
1.104180	1.958012
1.107640	1.942172
1.111110	1.927764
1.114580	1.899675
1.118050	1.877642
1.121510	1.835028
1.124980	1.808418
1.128450	1.783104
1.131910	1.754316
1.135380	1.737189
1.138850	1.717124
1.142310	1.687529
1.145780	1.660108
1.149250	1.647435
1.152710	1.632678
1.156180	1.609896
1.159650	1.576167
1.163110	1.551641
1.166580	1.519286
1.170050	1.510823
1.173510	1.482989
1.176980	1.458895
1.180450	1.448356
1.183910	1.421111
1.187380	1.411742
1.190850	1.380991
1.194310	1.363121
1.197780	1.349020
1.201250	1.327576
1.204720	1.304658
1.208180	1.293425
1.211650	1.274857
1.215120	1.270098
1.218580	1.244819
1.222050	1.211779
1.225520	1.205640
1.228980	1.202027
1.232450	1.162477
1.235920	1.166010
1.239380	1.155899
1.242850	1.135783
1.246320	1.121455
1.249780	1.114235
1.253250	1.093653
1.256720	1.078153
1.260180	1.076432
1.263650	1.068749
1.267120	1.047449
1.270580	1.035737
1.274050	1.020709
1.277520	1.013664
1.280980	1.004766
1.284450	0.997055
1.287920	0.978575
1.291390	0.967617
1.294850	0.954964
1.298320	0.954460
1.301790	0.943816
1.305250	0.931274
1.308720	0.930144
1.312190	0.911608
1.315650	0.903642
1.319120	0.899485
1.322590	0.891397
1.326050	0.878669
1.329520	0.879984
1.332990	0.869743
1.336450	0.860382
1.339920	0.860149
1.343390	0.848037
1.346850	0.838920
1.350320	0.836809
1.353790	0.834152
1.357250	0.823714
1.360720	0.823171
1.364190	0.815521
1.367660	0.810005
1.371120	0.802386
1.374590	0.785319
1.378060	0.791714
1.381520	0.787389
1.384990	0.786488
1.388460	0.781440
1.391920	0.778584
1.395390	0.773847
1.398860	0.762913
1.402320	0.769997
1.405790	0.759729
1.409260	0.761239
1.412720	0.756145
1.416190	0.755436
1.419660	0.748882
1.423120	0.746183
1.426590	0.740179
1.430060	0.741854
1.433520	0.736160
1.436990	0.731521
1.440460	0.734928
1.443920	0.733035
1.447390	0.728675
1.450860	0.724207
1.454330	0.721703
1.457790	0.719455
1.461260	0.714433
1.464730	0.719535
1.468190	0.706025
1.471660	0.703782
1.475130	0.709015
1.478590	0.704274
1.482060	0.713369
1.485530	0.710158
1.488990	0.703462
1.492460	0.707201
1.495930	0.703529
1.499390	0.700146
1.502860	0.698934
1.506330	0.700591
1.509790	0.706198
1.513260	0.705398
1.516730	0.707775
1.520190	0.699879
1.523660	0.703216
1.527130	0.696618
1.530600	0.708290
1.534060	0.706213
1.537530	0.704668
1.541000	0.708804
1.544460	0.705412
1.547930	0.704331
1.551400	0.705284
1.554860	0.705835
1.558330	0.714076
1.561800	0.710421
1.565260	0.722407
1.568730	0.718337
1.572200	0.722928
1.575660	0.728002
1.579130	0.726582
1.582600	0.725151
1.586060	0.730045
1.589530	0.724794
1.593000	0.739449
1.596460	0.737058
1.599930	0.749776
1.603400	0.740485
1.606860	0.736471
1.610330	0.744515
1.613800	0.748714
1.617270	0.749115
1.620730	0.757469
1.624200	0.764567
1.627670	0.769785
1.631130	0.770367
1.634600	0.765304
1.638070	0.778480
1.641530	0.774976
1.645000	0.776503
1.648470	0.775962
1.651930	0.786681
1.655400	0.788385
1.658870	0.801868
1.662330	0.796466
1.665800	0.802866
1.669270	0.806400
1.672730	0.814545
1.676200	0.819365
1.679670	0.817447
1.683130	0.830723
1.686600	0.834709
1.690070	0.838610
1.693530	0.844280
1.697000	0.850532
1.700470	0.851889
1.703940	0.857401
1.707400	0.860353
1.710870	0.870390
1.714340	0.861305
1.717800	0.880174
1.721270	0.885871
1.724740	0.888487
1.728200	0.891288
1.731670	0.890799
1.735140	0.904425
1.738600	0.907573
1.742070	0.907409
1.745540	0.922307
1.749000	0.924685
1.752470	0.927951
1.755940	0.940007
1.759400	0.943049
1.762870	0.946128
1.766340	0.951409
1.769800	0.948812
1.773270	0.958245
1.776740	0.964877
1.780210	0.971773
1.783670	0.971820
1.787140	0.982187
1.790610	0.979502
1.794070	0.989231
1.797540	0.998561
1.801010	1.007263
1.804470	0.999779
1.807940	1.012673
1.811410	1.012322
1.814870	1.026399
1.818340	1.020355
1.821810	1.032226
1.825270	1.036515
1.828740	1.046010
1.832210	1.045220
1.835670	1.055885
1.839140	1.056796
1.842610	1.069612
1.846070	1.070053
1.849540	1.070978
1.853010	1.081050
1.856470	1.087203
1.859940	1.086815
1.863410	1.092544
1.866880	1.095980
1.870340	1.100633
1.873810	1.100947
1.877280	1.104809
1.880740	1.108779
1.884210	1.117418
1.887680	1.116836
1.891140	1.123990
1.894610	1.128797
1.898080	1.128193
1.901540	1.134735
1.905010	1.144301
1.908480	1.140473
1.911940	1.144620
1.915410	1.147133
1.918880	1.146280
1.922340	1.156045
1.925810	1.158500
1.929280	1.166115
1.932740	1.157235
1.936210	1.162528
1.939680	1.170691
1.943140	1.174050
1.946610	1.171902
1.950080	1.174266
1.953550	1.179281
1.957010	1.181232
1.960480	1.181007
1.963950	1.181789
1.967410	1.187897
1.970880	1.188941
1.974350	1.182305
1.977810	1.181783
1.981280	1.190309
1.984750	1.186564
1.988210	1.189420
1.991680	1.187125
1.995150	1.191226
1.998610	1.188831
2.002080	1.181049
2.005550	1.181302
2.009010	1.178451
2.012480	1.175192
2.015950	1.183390
2.019410	1.183020
2.022880	1.176051
2.026350	1.175849
2.029820	1.173920
2.033280	1.176995
2.036750	1.173648
2.040220	1.170878
2.043680	1.172173
2.047150	1.165718
2.050620	1.164834
2.054080	1.168914
2.057550	1.160680
2.061020	1.160782
2.064480	1.161265
2.067950	1.154153
2.071420	1.150462
2.074880	1.154816
2.078350	1.145623
2.081820	1.145714
2.085280	1.146376
2.088750	1.144025
2.092220	1.134274
2.095680	1.133805
2.099150	1.136354
2.102620	1.127879
2.106080	1.121064
2.109550	1.117926
2.113020	1.116822
2.116490	1.116327
2.119950	1.111874
2.123420	1.109097
2.126890	1.103349
2.130350	1.098393
2.133820	1.099496
2.137290	1.090274
2.140750	1.093526
2.144220	1.091166
2.147690	1.084449
2.151150	1.081122
2.154620	1.077618
2.158090	1.071858
2.161550	1.071152
2.165020	1.062619
2.168490	1.061710
2.171950	1.059782
2.175420	1.054342
2.178890	1.056585
2.182350	1.051714
2.185820	1.050275
2.189290	1.045924
2.192760	1.038048
2.196220	1.037673
2.199690	1.038957
2.203160	1.036073
2.206620	1.031851
2.210090	1.031020
2.213560	1.025640
2.217020	1.019832
2.220490	1.019581
2.223960	1.015536
2.227420	1.007058
2.230890	1.010993
2.234360	1.009230
2.237820	1.005231
2.241290	1.000905
2.244760	1.000127
2.248220	0.995153
2.251690	0.991630
2.255160	0.986661
2.258620	0.986126
2.262090	0.984700
2.265560	0.983776
2.269020	0.972342
2.272490	0.975329
2.275960	0.975823
2.279430	0.965249
2.282890	0.967188
2.286360	0.959021
2.289830	0.963432
2.293290	0.954476
2.296760	0.956608
2.300230	0.957495
2.303690	0.955415
2.307160	0.948426
2.310630	0.953592
2.314090	0.945847
2.317560	0.945908
2.321030	0.940717
2.324490	0.942130
2.327960	0.939601
2.331430	0.935143
2.334890	0.936984
2.338360	0.934690
2.341830	0.930707
2.345290	0.929241
2.348760	0.928680
2.352230	0.930208
2.355690	0.931188
2.359160	0.922900
2.362630	0.924763
2.366100	0.923938
2.369560	0.925355
2.373030	0.920321
2.376500	0.918375
2.379960	0.916992
2.383430	0.917455
2.386900	0.913224
2.390360	0.916611
2.393830	0.918460
2.397300	0.913846
2.400760	0.917005
2.404230	0.913112
2.407700	0.908762
2.411160	0.916007
2.414630	0.909426
2.418100	0.912425
2.421560	0.915955
2.425030	0.916128
2.428500	0.914293
2.431960	0.913391
2.435430	0.909825
2.438900	0.911213
2.442370	0.912484
2.445830	0.909174
2.449300	0.913291
2.452770	0.909764
2.456230	0.909650
2.459700	0.911472
2.463170	0.910211
2.466630	0.910672
2.470100	0.913594
2.473570	0.918622
2.477030	0.911805
2.480500	0.912353
2.483970	0.914024
2.487430	0.911183
2.490900	0.913321
2.494370	0.914746
2.497830	0.914662
2.501300	0.920185
2.504770	0.916630
2.508230	0.920977
2.511700	0.916981
2.515170	0.917619
2.518630	0.917420
2.522100	0.923234
2.525570	0.922453
2.529040	0.921859
2.532500	0.925163
2.535970	0.923469
2.539440	0.924693
2.542900	0.926683
2.546370	0.929589
2.549840	0.928959
2.553300	0.930578
2.556770	0.931614
2.560240	0.933307
2.563700	0.934944
2.567170	0.933767
2.570640	0.931546
2.574100	0.936141
2.577570	0.933183
2.581040	0.943530
2.584500	0.939580
2.587970	0.941412
2.591440	0.945681
2.594900	0.950295
2.598370	0.948768
2.601840	0.950392
2.605300	0.952110
2.608770	0.954641
2.612240	0.957609
2.615710	0.950338
2.619170	0.957156
2.622640	0.960225
2.626110	0.962698
2.629570	0.963031
2.633040	0.966285
2.636510	0.966974
2.639970	0.966273
2.643440	0.970383
2.646910	0.969262
2.650370	0.975442
2.653840	0.971749
2.657310	0.973356
2.660770	0.979714
2.664240	0.976519
2.667710	0.979561
2.671170	0.981865
2.674640	0.983765
2.678110	0.985599
2.681570	0.983141
2.685040	0.987933
2.688510	0.991803
2.691980	0.994112
2.695440	0.996173
2.698910	0.993352
2.702380	0.994688
2.705840	0.996466
2.709310	1.000299
2.712780	1.003330
2.716240	1.000459
2.719710	1.005088
2.723180	1.005379
2.726640	1.006472
2.730110	1.010927
2.733580	1.008774
2.737040	1.013420
2.740510	1.012913
2.743980	1.013889
2.747440	1.014998
2.750910	1.011402
2.754380	1.017705
2.757840	1.021083
2.761310	1.020969
2.764780	1.023458
2.768240	1.023819
2.771710	1.026196
2.775180	1.025025
2.778650	1.022925
2.782110	1.029032
2.785580	1.031567
2.789050	1.027300
2.792510	1.031629
2.795980	1.038644
2.799450	1.034298
2.802910	1.031217
2.806380	1.035579
2.809850	1.041026
2.813310	1.036823
2.816780	1.046265
2.820250	1.039123
2.823710	1.042342
2.827180	1.044366
2.830650	1.043517
2.834110	1.041564
2.837580	1.042948
2.841050	1.039425
2.844510	1.044421
2.847980	1.045789
2.851450	1.045166
2.854920	1.048690
2.858380	1.048640
2.861850	1.046200
2.865320	1.043118
2.868780	1.045557
2.872250	1.046359
2.875720	1.051755
2.879180	1.045557
2.882650	1.044640
2.886120	1.048500
2.889580	1.047706
2.893050	1.048651
2.896520	1.049552
2.899980	1.047756
2.903450	1.045175
2.906920	1.049651
2.910380	1.049304
2.913850	1.049978
2.917320	1.048328
2.920780	1.050360
2.924250	1.045640
2.927720	1.049493
2.931180	1.052039
2.934650	1.054593
2.938120	1.047468
2.941590	1.051463
2.945050	1.047104
2.948520	1.047132
2.951990	1.055430
2.955450	1.050478
2.958920	1.051665
2.962390	1.048685
2.965850	1.047372
2.969320	1.049690
2.972790	1.051659
2.976250	1.049402
2.979720	1.045953
2.983190	1.046034
2.986650	1.044246
2.990120	1.044203
2.993590	1.038673
2.997050	1.043959
3.000520	1.038119
3.003990	1.041349
3.007450	1.039232
3.010920	1.041407
3.014390	1.039350
3.017850	1.040790
3.021320	1.039157
3.024790	1.037130
3.028260	1.037580
3.031720	1.032747
3.035190	1.032180
3.038660	1.032178
3.042120	1.031894
3.045590	1.032960
3.049060	1.029790
3.052520	1.028962
3.055990	1.028154
3.059460	1.026643
3.062920	1.025258
3.066390	1.028808
3.069860	1.023532
3.073320	1.024829
3.076790	1.021659
3.080260	1.022644
3.083720	1.023747
3.087190	1.023571
3.090660	1.022589
3.094120	1.018994
3.097590	1.016184
3.101060	1.014982
3.104530	1.014437
3.107990	1.012206
3.111460	1.009793
3.114930	1.016441
3.118390	1.015584
3.121860	1.015345
3.125330	1.011470
3.128790	1.012292
3.132260	1.011741
3.135730	1.009528
3.139190	1.005125
3.142660	1.007747
3.146130	1.006119
3.149590	1.005411
3.153060	1.007074
3.156530	1.003037
3.159990	1.006802
3.163460	1.001197
3.166930	1.003110
3.170390	0.996646
3.173860	1.004813
3.177330	1.002608
3.180790	0.995512
3.184260	0.994875
3.187730	0.996085
3.191200	0.995308
3.194660	0.994201
3.198130	0.994670
3.201600	0.992256
3.205060	0.991621
3.208530	0.988307
3.212000	0.987588
3.215460	0.989451
3.218930	0.987187
3.222400	0.983426
3.225860	0.987220
3.229330	0.985578
3.232800	0.988855
3.236260	0.982313
3.239730	0.982172
3.243200	0.980078
3.246660	0.985071
3.250130	0.979663
3.253600	0.979620
3.257060	0.982717
3.260530	0.980360
3.264000	0.979508
3.267470	0.982427
3.270930	0.980727
3.274400	0.978191
3.277870	0.977394
3.281330	0.979305
3.284800	0.978523
3.288270	0.979280
3.291730	0.979607
3.295200	0.978427
3.298670	0.977138
3.302130	0.977613
3.305600	0.974560
3.309070	0.974840
3.312530	0.976656
3.316000	0.976791
3.319470	0.973325
3.322930	0.976661
3.326400	0.972298
3.329870	0.970616
3.333330	0.973594
3.336800	0.970709
3.340270	0.968928
3.343730	0.969707
3.347200	0.970829
3.350670	0.970525
3.354140	0.966498
3.357600	0.972637
3.361070	0.972776
3.364540	0.969580
3.368000	0.970419
3.371470	0.965565
3.374940	0.968642
3.378400	0.971325
3.381870	0.969057
3.385340	0.975700
3.388800	0.973227
3.392270	0.968258
3.395740	0.973341
3.399200	0.973844
3.402670	0.969085
3.406140	0.970462
3.409600	0.972365
3.413070	0.973029
3.416540	0.971154
3.420000	0.971599
3.423470	0.973589
3.426940	0.973473
3.430400	0.974266
3.433870	0.971773
3.437340	0.972009
3.440810	0.975897
3.444270	0.975743
3.447740	0.975287
3.451210	0.974614
3.454670	0.976352
3.458140	0.977413
3.461610	0.975686
3.465070	0.981588
