# Average Pressure: -87.23608155000001
# Average Potential Energy per Particle: -4.990881725
# r	g(r)
0.001733	0.000000
0.005200	0.000000
0.008667	0.000000
0.012134	0.000000
0.015601	0.000000
0.019067	0.000000
0.022534	0.000000
0.026001	0.000000
0.029468	0.000000
0.032935	0.000000
0.036402	0.000000
0.039868	0.000000
0.043335	0.000000
0.046802	0.000000
0.050269	0.000000
0.053735	0.000000
0.057202	0.000000
0.060669	0.000000
0.064136	0.000000
0.067603	0.000000
0.071069	0.000000
0.074536	0.000000
0.078003	0.000000
0.081470	0.000000
0.084937	0.000000
0.088404	0.000000
0.091870	0.000000
0.095337	0.000000
0.098804	0.000000
0.102271	0.000000
0.105738	0.000000
0.109204	0.000000
0.112671	0.000000
0.116138	0.000000
0.119605	0.000000
0.123072	0.000000
0.126538	0.000000
0.130005	0.000000
0.133472	0.000000
0.136939	0.000000
0.140406	0.000000
0.143872	0.000000
0.147339	0.000000
0.150806	0.000000
0.154273	0.000000
0.157740	0.000000
0.161206	0.000000
0.164673	0.000000
0.168140	0.000000
0.171607	0.000000
0.175074	0.000000
0.178541	0.000000
0.182007	0.000000
0.185474	0.000000
0.188941	0.000000
0.192408	0.000000
0.195875	0.000000
0.199341	0.000000
0.202808	0.000000
0.206275	0.000000
0.209742	0.000000
0.213209	0.000000
0.216675	0.000000
0.220142	0.000000
0.223609	0.000000
0.227076	0.000000
0.230543	0.000000
0.234009	0.000000
0.237476	0.000000
0.240943	0.000000
0.244410	0.000000
0.247877	0.000000
0.251343	0.000000
0.254810	0.000000
0.258277	0.000000
0.261744	0.000000
0.265211	0.000000
0.268677	0.000000
0.272144	0.000000
0.275611	0.000000
0.279078	0.000000
0.282545	0.000000
0.286012	0.000000
0.289478	0.000000
0.292945	0.000000
0.296412	0.000000
0.299879	0.000000
0.303346	0.000000
0.306812	0.000000
0.310279	0.000000
0.313746	0.000000
0.317213	0.000000
0.320680	0.000000
0.324146	0.000000
0.327613	0.000000
0.331080	0.000000
0.334547	0.000000
0.338014	0.000000
0.341480	0.000000
0.344947	0.000000
0.348414	0.000000
0.351881	0.000000
0.355348	0.000000
0.358814	0.000000
0.362281	0.000000
0.365748	0.000000
0.369215	0.000000
0.372682	0.000000
0.376148	0.000000
0.379615	0.000000
0.383082	0.000000
0.386549	0.000000
0.390016	0.000000
0.393483	0.000000
0.396949	0.000000
0.400416	0.000000
0.403883	0.000000
0.407350	0.000000
0.410817	0.000000
0.414283	0.000000
0.417750	0.000000
0.421217	0.000000
0.424684	0.000000
0.428151	0.000000
0.431617	0.000000
0.435084	0.000000
0.438551	0.000000
0.442018	0.000000
0.445485	0.000000
0.448951	0.000000
0.452418	0.000000
0.455885	0.000000
0.459352	0.000000
0.462819	0.000000
0.466285	0.000000
0.469752	0.000000
0.473219	0.000000
0.476686	0.000000
0.480153	0.000000
0.483619	0.000000
0.487086	0.000000
0.490553	0.000000
0.494020	0.000000
0.497487	0.000000
0.500954	0.000000
0.504420	0.000000
0.507887	0.000000
0.511354	0.000000
0.514821	0.000000
0.518288	0.000000
0.521754	0.000000
0.525221	0.000000
0.528688	0.000000
0.532155	0.000000
0.535622	0.000000
0.539088	0.000000
0.542555	0.000000
0.546022	0.000000
0.549489	0.000000
0.552956	0.000000
0.556422	0.000000
0.559889	0.000000
0.563356	0.000000
0.566823	0.000000
0.570290	0.000000
0.573756	0.000000
0.577223	0.000000
0.580690	0.000000
0.584157	0.000000
0.587624	0.000000
0.591090	0.000000
0.594557	0.000000
0.598024	0.000000
0.601491	0.000000
0.604958	0.000000
0.608425	0.000000
0.611891	0.000000
0.615358	0.000000
0.618825	0.000000
0.622292	0.000000
0.625759	0.000000
0.629225	0.000000
0.632692	0.000000
0.636159	0.000000
0.639626	0.000000
0.643093	0.000000
0.646559	0.000000
0.650026	0.000000
0.653493	0.000000
0.656960	0.000000
0.660427	0.000000
0.663893	0.000000
0.667360	0.000000
0.670827	0.000000
0.674294	0.000000
0.677761	0.000000
0.681227	0.000000
0.684694	0.000000
0.688161	0.000000
0.691628	0.000000
0.695095	0.000000
0.698561	0.000000
0.702028	0.000000
0.705495	0.000000
0.708962	0.000000
0.712429	0.000000
0.715896	0.000000
0.719362	0.000000
0.722829	0.000000
0.726296	0.000000
0.729763	0.000000
0.733230	0.000000
0.736696	0.000000
0.740163	0.000000
0.743630	0.000000
0.747097	0.000000
0.750564	0.000000
0.754030	0.000000
0.757497	0.000000
0.760964	0.000000
0.764431	0.000000
0.767898	0.000000
0.771364	0.000000
0.774831	0.000000
0.778298	0.000000
0.781765	0.000000
0.785232	0.000000
0.788698	0.000000
0.792165	0.000000
0.795632	0.000000
0.799099	0.000000
0.802566	0.000000
0.806032	0.000000
0.809499	0.000000
0.812966	0.000000
0.816433	0.000000
0.819900	0.000000
0.823367	0.000000
0.826833	0.000000
0.830300	0.000000
0.833767	0.000000
0.837234	0.000061
0.840701	0.000180
0.844167	0.000477
0.847634	0.000296
0.851101	0.000646
0.854568	0.001339
0.858035	0.001732
0.861501	0.003207
0.864968	0.004659
0.868435	0.006256
0.871902	0.010680
0.875369	0.015976
0.878835	0.021409
0.882302	0.029377
0.885769	0.037491
0.889236	0.052520
0.892703	0.073876
0.896169	0.089184
0.899636	0.119853
0.903103	0.148329
0.906570	0.178436
0.910037	0.228560
0.913503	0.261365
0.916970	0.323192
0.920437	0.374247
0.923904	0.438323
0.927371	0.491596
0.930838	0.585470
0.934304	0.659289
0.937771	0.744619
0.941238	0.830788
0.944705	0.922627
0.948172	1.006579
0.951638	1.100691
0.955105	1.209115
0.958572	1.307434
0.962039	1.399943
0.965506	1.494604
0.968972	1.590230
0.972439	1.667105
0.975906	1.764143
0.979373	1.849836
0.982840	1.930496
0.986306	2.006394
0.989773	2.065129
0.993240	2.142214
0.996707	2.195585
1.000170	2.257644
1.003640	2.310142
1.007110	2.322303
1.010570	2.408996
1.014040	2.446954
1.017510	2.472062
1.020970	2.502852
1.024440	2.525391
1.027910	2.542501
1.031370	2.561602
1.034840	2.557566
1.038310	2.561846
1.041780	2.573573
1.045240	2.566569
1.048710	2.563154
1.052180	2.566489
1.055640	2.551261
1.059110	2.541483
1.062580	2.526959
1.066040	2.486949
1.069510	2.494933
1.072980	2.478836
1.076440	2.443453
1.079910	2.421775
1.083380	2.382687
1.086840	2.358731
1.090310	2.321512
1.093780	2.320678
1.097240	2.272248
1.100710	2.240062
1.104180	2.206354
1.107640	2.191319
1.111110	2.156215
1.114580	2.117981
1.118050	2.087625
1.121510	2.044357
1.124980	2.037082
1.128450	2.000918
1.131910	1.954640
1.135380	1.926663
1.138850	1.899120
1.142310	1.890412
1.145780	1.838743
1.149250	1.808838
1.152710	1.772574
1.156180	1.762596
1.159650	1.714837
1.163110	1.689642
1.166580	1.655657
1.170050	1.642350
1.173510	1.611024
1.176980	1.585348
1.180450	1.578338
1.183910	1.524708
1.187380	1.512261
1.190850	1.489110
1.194310	1.458960
1.197780	1.443506
1.201250	1.409469
1.204720	1.395921
1.208180	1.377642
1.211650	1.345100
1.215120	1.327101
1.218580	1.304418
1.222050	1.286894
1.225520	1.267962
1.228980	1.258933
1.232450	1.229502
1.235920	1.212539
1.239380	1.199954
1.242850	1.179538
1.246320	1.159220
1.249780	1.142565
1.253250	1.139554
1.256720	1.105499
1.260180	1.101298
1.263650	1.088156
1.267120	1.071647
1.270580	1.050534
1.274050	1.036500
1.277520	1.027441
1.280980	1.015309
1.284450	0.999193
1.287920	0.987877
1.291390	0.971135
1.294850	0.959908
1.298320	0.947979
1.301790	0.936215
1.305250	0.926109
1.308720	0.922673
1.312190	0.902351
1.315650	0.896029
1.319120	0.890910
1.322590	0.882236
1.326050	0.878862
1.329520	0.856417
1.332990	0.864049
1.336450	0.850339
1.339920	0.834934
1.343390	0.824082
1.346850	0.814972
1.350320	0.804171
1.353790	0.804233
1.357250	0.803892
1.360720	0.789194
1.364190	0.787631
1.367660	0.786643
1.371120	0.776949
1.374590	0.764554
1.378060	0.771927
1.381520	0.757323
1.384990	0.751896
1.388460	0.752621
1.391920	0.742252
1.395390	0.744397
1.398860	0.743189
1.402320	0.731369
1.405790	0.728325
1.409260	0.726095
1.412720	0.712461
1.416190	0.710440
1.419660	0.713428
1.423120	0.700470
1.426590	0.697759
1.430060	0.696812
1.433520	0.688584
1.436990	0.693665
1.440460	0.688056
1.443920	0.684797
1.447390	0.679268
1.450860	0.679923
1.454330	0.678875
1.457790	0.670850
1.461260	0.670836
1.464730	0.665148
1.468190	0.674552
1.471660	0.670514
1.475130	0.659904
1.478590	0.667332
1.482060	0.664504
1.485530	0.659402
1.488990	0.666555
1.492460	0.671897
1.495930	0.657598
1.499390	0.659646
1.502860	0.662780
1.506330	0.659939
1.509790	0.655084
1.513260	0.660699
1.516730	0.654116
1.520190	0.663018
1.523660	0.662494
1.527130	0.658980
1.530600	0.661532
1.534060	0.660262
1.537530	0.657539
1.541000	0.660151
1.544460	0.660558
1.547930	0.665781
1.551400	0.662968
1.554860	0.669404
1.558330	0.667304
1.561800	0.666593
1.565260	0.671156
1.568730	0.668884
1.572200	0.677975
1.575660	0.671228
1.579130	0.674455
1.582600	0.676204
1.586060	0.678000
1.589530	0.689951
1.593000	0.686767
1.596460	0.687724
1.599930	0.687254
1.603400	0.698257
1.606860	0.707776
1.610330	0.694224
1.613800	0.704269
1.617270	0.707283
1.620730	0.705264
1.624200	0.713455
1.627670	0.719741
1.631130	0.725472
1.634600	0.721746
1.638070	0.729513
1.641530	0.740413
1.645000	0.738598
1.648470	0.740500
1.651930	0.742381
1.655400	0.748194
1.658870	0.758894
1.662330	0.758671
1.665800	0.766346
1.669270	0.782556
1.672730	0.779118
1.676200	0.782132
1.679670	0.786229
1.683130	0.796182
1.686600	0.794437
1.690070	0.803816
1.693530	0.808131
1.697000	0.812922
1.700470	0.818372
1.703940	0.819584
1.707400	0.830432
1.710870	0.831296
1.714340	0.834561
1.717800	0.844824
1.721270	0.850419
1.724740	0.850833
1.728200	0.863848
1.731670	0.863681
1.735140	0.873279
1.738600	0.874540
1.742070	0.884690
1.745540	0.887165
1.749000	0.898853
1.752470	0.898290
1.755940	0.908933
1.759400	0.913319
1.762870	0.915229
1.766340	0.921763
1.769800	0.929636
1.773270	0.934994
1.776740	0.947978
1.780210	0.950098
1.783670	0.950790
1.787140	0.960108
1.790610	0.970155
1.794070	0.973039
1.797540	0.979104
1.801010	0.989414
1.804470	0.989426
1.807940	0.996040
1.811410	1.003863
1.814870	1.010886
1.818340	1.017218
1.821810	1.018778
1.825270	1.020796
1.828740	1.031749
1.832210	1.038129
1.835670	1.046840
1.839140	1.049633
1.842610	1.063816
1.846070	1.064752
1.849540	1.064467
1.853010	1.072099
1.856470	1.081283
1.859940	1.090661
1.863410	1.087831
1.866880	1.095211
1.870340	1.110913
1.873810	1.105475
1.877280	1.115037
1.880740	1.116458
1.884210	1.120303
1.887680	1.134956
1.891140	1.135733
1.894610	1.131000
1.898080	1.141077
1.901540	1.149641
1.905010	1.151047
1.908480	1.155563
1.911940	1.168621
1.915410	1.164663
1.918880	1.174795
1.922340	1.174012
1.925810	1.180643
1.929280	1.186237
1.932740	1.177878
1.936210	1.188630
1.939680	1.189413
1.943140	1.193965
1.946610	1.191309
1.950080	1.200557
1.953550	1.210146
1.957010	1.200822
1.960480	1.211067
1.963950	1.210862
1.967410	1.211310
1.970880	1.212381
1.974350	1.220711
1.977810	1.214241
1.981280	1.219340
1.984750	1.221192
1.988210	1.225271
1.991680	1.220419
1.995150	1.220710
1.998610	1.229961
2.002080	1.230658
2.005550	1.226914
2.009010	1.229309
2.012480	1.228971
2.015950	1.223659
2.019410	1.221807
2.022880	1.230058
2.026350	1.221721
2.029820	1.225361
2.033280	1.226903
2.036750	1.224134
2.040220	1.215555
2.043680	1.218155
2.047150	1.219294
2.050620	1.213477
2.054080	1.208255
2.057550	1.207701
2.061020	1.206834
2.064480	1.208230
2.067950	1.198466
2.071420	1.203869
2.074880	1.190520
2.078350	1.192278
2.081820	1.190076
2.085280	1.186338
2.088750	1.182900
2.092220	1.183857
2.095680	1.178337
2.099150	1.174005
2.102620	1.170309
2.106080	1.170399
2.109550	1.165170
2.113020	1.160312
2.116490	1.156002
2.119950	1.154484
2.123420	1.150927
2.126890	1.146443
2.130350	1.139885
2.133820	1.130145
2.137290	1.128119
2.140750	1.122558
2.144220	1.120567
2.147690	1.120179
2.151150	1.118665
2.154620	1.111634
2.158090	1.109736
2.161550	1.105505
2.165020	1.100363
2.168490	1.093032
2.171950	1.093077
2.175420	1.083103
2.178890	1.078593
2.182350	1.083193
2.185820	1.072197
2.189290	1.076353
2.192760	1.067257
2.196220	1.069258
2.199690	1.055605
2.203160	1.055357
2.206620	1.051223
2.210090	1.044265
2.213560	1.048925
2.217020	1.043476
2.220490	1.034530
2.223960	1.032158
2.227420	1.023722
2.230890	1.021840
2.234360	1.016552
2.237820	1.009916
2.241290	1.008749
2.244760	1.001654
2.248220	1.000956
2.251690	1.002294
2.255160	0.992211
2.258620	0.989009
2.262090	0.988355
2.265560	0.981623
2.269020	0.978675
2.272490	0.974037
2.275960	0.972188
2.279430	0.971663
2.282890	0.961397
2.286360	0.965266
2.289830	0.961251
2.293290	0.955729
2.296760	0.952426
2.300230	0.947179
2.303690	0.951483
2.307160	0.943715
2.310630	0.941323
2.314090	0.939767
2.317560	0.935042
2.321030	0.931714
2.324490	0.932178
2.327960	0.925263
2.331430	0.920996
2.334890	0.922458
2.338360	0.920432
2.341830	0.914337
2.345290	0.914611
2.348760	0.920220
2.352230	0.913068
2.355690	0.908782
2.359160	0.908977
2.362630	0.908017
2.366100	0.907196
2.369560	0.902756
2.373030	0.902665
2.376500	0.903149
2.379960	0.902891
2.383430	0.902070
2.386900	0.897705
2.390360	0.898607
2.393830	0.895784
2.397300	0.896575
2.400760	0.893390
2.404230	0.894419
2.407700	0.892945
2.411160	0.898444
2.414630	0.894502
2.418100	0.888224
2.421560	0.892156
2.425030	0.895202
2.428500	0.893233
2.431960	0.888316
2.435430	0.885042
2.438900	0.891097
2.442370	0.887414
2.445830	0.891687
2.449300	0.888817
2.452770	0.889705
2.456230	0.884250
2.459700	0.885125
2.463170	0.884344
2.466630	0.889846
2.470100	0.887781
2.473570	0.890943
2.477030	0.887079
2.480500	0.889313
2.483970	0.884483
2.487430	0.889920
2.490900	0.891254
2.494370	0.887931
2.497830	0.885529
2.501300	0.881370
2.504770	0.891141
2.508230	0.888694
2.511700	0.892792
2.515170	0.894088
2.518630	0.888177
2.522100	0.891913
2.525570	0.895936
2.529040	0.895056
2.532500	0.895835
2.535970	0.895450
2.539440	0.900139
2.542900	0.900335
2.546370	0.901471
2.549840	0.900532
2.553300	0.901896
2.556770	0.903568
2.560240	0.905435
2.563700	0.910116
2.567170	0.910721
2.570640	0.910480
2.574100	0.917453
2.577570	0.914482
2.581040	0.914018
2.584500	0.918542
2.587970	0.917162
2.591440	0.919254
2.594900	0.922822
2.598370	0.925410
2.601840	0.929765
2.605300	0.929151
2.608770	0.929951
2.612240	0.926594
2.615710	0.932570
2.619170	0.938183
2.622640	0.938360
2.626110	0.939473
2.629570	0.939154
2.633040	0.944017
2.636510	0.946464
2.639970	0.950019
2.643440	0.950156
2.646910	0.948828
2.650370	0.957016
2.653840	0.954789
2.657310	0.960492
2.660770	0.962476
2.664240	0.962158
2.667710	0.964330
2.671170	0.968365
2.674640	0.969319
2.678110	0.971002
2.681570	0.971614
2.685040	0.980639
2.688510	0.977842
2.691980	0.987906
2.695440	0.985554
2.698910	0.981710
2.702380	0.988239
2.705840	0.991113
2.709310	0.991578
2.712780	0.988652
2.716240	0.996524
2.719710	0.999387
2.723180	0.999412
2.726640	1.005237
2.730110	1.006216
2.733580	1.007977
2.737040	1.007996
2.740510	1.009313
2.743980	1.017372
2.747440	1.015983
2.750910	1.019698
2.754380	1.023515
2.757840	1.021664
2.761310	1.020629
2.764780	1.025494
2.768240	1.023891
2.771710	1.033013
2.775180	1.030605
2.778650	1.030182
2.782110	1.033717
2.785580	1.032142
2.789050	1.035814
2.792510	1.041076
2.795980	1.038595
2.799450	1.039885
2.802910	1.043007
2.806380	1.046460
2.809850	1.044708
2.813310	1.046544
2.816780	1.051794
2.820250	1.055952
2.823710	1.055974
2.827180	1.054162
2.830650	1.053639
2.834110	1.056292
2.837580	1.055244
2.841050	1.058752
2.844510	1.049117
2.847980	1.058707
2.851450	1.062675
2.854920	1.063277
2.858380	1.061376
2.861850	1.060442
2.865320	1.063212
2.868780	1.062664
2.872250	1.059173
2.875720	1.068712
2.879180	1.067724
2.882650	1.065946
2.886120	1.071643
2.889580	1.063412
2.893050	1.071195
2.896520	1.068024
2.899980	1.068308
2.903450	1.064952
2.906920	1.069697
2.910380	1.067837
2.913850	1.068092
2.917320	1.067773
2.920780	1.070994
2.924250	1.068302
2.927720	1.064063
2.931180	1.061786
2.934650	1.068255
2.938120	1.066066
2.941590	1.067192
2.945050	1.069761
2.948520	1.064656
2.951990	1.064649
2.955450	1.069964
2.958920	1.069425
2.962390	1.064732
2.965850	1.072897
2.969320	1.066825
2.972790	1.065699
2.976250	1.065641
2.979720	1.064911
2.983190	1.061935
2.986650	1.061058
2.990120	1.062636
2.993590	1.059449
2.997050	1.061937
3.000520	1.057746
3.003990	1.056376
3.007450	1.057001
3.010920	1.057368
3.014390	1.054563
3.017850	1.053350
3.021320	1.051814
3.024790	1.053108
3.028260	1.054341
3.031720	1.048291
3.035190	1.050282
3.038660	1.050722
3.042120	1.045834
3.045590	1.046323
3.049060	1.043182
3.052520	1.041065
3.055990	1.046811
3.059460	1.043581
3.062920	1.039793
3.066390	1.040160
3.069860	1.040063
3.073320	1.033834
3.076790	1.035893
3.080260	1.035108
3.083720	1.035494
3.087190	1.035154
3.090660	1.032922
3.094120	1.029868
3.097590	1.028429
3.101060	1.027390
3.104530	1.028868
3.107990	1.026037
3.111460	1.020687
3.114930	1.021663
3.118390	1.021717
3.121860	1.023349
3.125330	1.020892
3.128790	1.020390
3.132260	1.023864
3.135730	1.013358
3.139190	1.013135
3.142660	1.011353
3.146130	1.015206
3.149590	1.012584
3.153060	1.006984
3.156530	1.007089
3.159990	1.009513
3.163460	1.005466
3.166930	1.004165
3.170390	1.000194
3.173860	1.004753
3.177330	1.001770
3.180790	1.002533
3.184260	0.996062
3.187730	0.996516
3.191200	0.997374
3.194660	0.998558
3.198130	0.995979
3.201600	0.991821
3.205060	0.994389
3.208530	0.988435
3.212000	0.993060
3.215460	0.988321
3.218930	0.989931
3.222400	0.987859
3.225860	0.989238
3.229330	0.985195
3.232800	0.989518
3.236260	0.984119
3.239730	0.984938
3.243200	0.982592
3.246660	0.982715
3.250130	0.980785
3.253600	0.977612
3.257060	0.979347
3.260530	0.976586
3.264000	0.980294
3.267470	0.976256
3.270930	0.977115
3.274400	0.978873
3.277870	0.972785
3.281330	0.973588
3.284800	0.974249
3.288270	0.972868
3.291730	0.974107
3.295200	0.969603
3.298670	0.971122
3.302130	0.971107
3.305600	0.968417
3.309070	0.966331
3.312530	0.966979
3.316000	0.966168
3.319470	0.965633
3.322930	0.964284
3.326400	0.963527
3.329870	0.965176
3.333330	0.960755
3.336800	0.962906
3.340270	0.962131
3.343730	0.961285
3.347200	0.962714
3.350670	0.963434
3.354140	0.963325
3.357600	0.963244
3.361070	0.960069
3.364540	0.961551
3.368000	0.963037
3.371470	0.958833
3.374940	0.962089
3.378400	0.959739
3.381870	0.960092
3.385340	0.957362
3.388800	0.959132
3.392270	0.959854
3.395740	0.962020
3.399200	0.962767
3.402670	0.964114
3.406140	0.961218
3.409600	0.963173
3.413070	0.962903
3.416540	0.959781
3.420000	0.962724
3.423470	0.958882
3.426940	0.962202
3.430400	0.960103
3.433870	0.962887
3.437340	0.963382
3.440810	0.963837
3.444270	0.961672
3.447740	0.964434
3.451210	0.966455
3.454670	0.958775
3.458140	0.965075
3.461610	0.962252
3.465070	0.966626
