# Average Pressure: -40.88078725
# Average Potential Energy per Particle: -5.7592504775
# r	g(r)
0.001733	0.000000
0.005200	0.000000
0.008667	0.000000
0.012134	0.000000
0.015601	0.000000
0.019067	0.000000
0.022534	0.000000
0.026001	0.000000
0.029468	0.000000
0.032935	0.000000
0.036402	0.000000
0.039868	0.000000
0.043335	0.000000
0.046802	0.000000
0.050269	0.000000
0.053735	0.000000
0.057202	0.000000
0.060669	0.000000
0.064136	0.000000
0.067603	0.000000
0.071069	0.000000
0.074536	0.000000
0.078003	0.000000
0.081470	0.000000
0.084937	0.000000
0.088404	0.000000
0.091870	0.000000
0.095337	0.000000
0.098804	0.000000
0.102271	0.000000
0.105738	0.000000
0.109204	0.000000
0.112671	0.000000
0.116138	0.000000
0.119605	0.000000
0.123072	0.000000
0.126538	0.000000
0.130005	0.000000
0.133472	0.000000
0.136939	0.000000
0.140406	0.000000
0.143872	0.000000
0.147339	0.000000
0.150806	0.000000
0.154273	0.000000
0.157740	0.000000
0.161206	0.000000
0.164673	0.000000
0.168140	0.000000
0.171607	0.000000
0.175074	0.000000
0.178541	0.000000
0.182007	0.000000
0.185474	0.000000
0.188941	0.000000
0.192408	0.000000
0.195875	0.000000
0.199341	0.000000
0.202808	0.000000
0.206275	0.000000
0.209742	0.000000
0.213209	0.000000
0.216675	0.000000
0.220142	0.000000
0.223609	0.000000
0.227076	0.000000
0.230543	0.000000
0.234009	0.000000
0.237476	0.000000
0.240943	0.000000
0.244410	0.000000
0.247877	0.000000
0.251343	0.000000
0.254810	0.000000
0.258277	0.000000
0.261744	0.000000
0.265211	0.000000
0.268677	0.000000
0.272144	0.000000
0.275611	0.000000
0.279078	0.000000
0.282545	0.000000
0.286012	0.000000
0.289478	0.000000
0.292945	0.000000
0.296412	0.000000
0.299879	0.000000
0.303346	0.000000
0.306812	0.000000
0.310279	0.000000
0.313746	0.000000
0.317213	0.000000
0.320680	0.000000
0.324146	0.000000
0.327613	0.000000
0.331080	0.000000
0.334547	0.000000
0.338014	0.000000
0.341480	0.000000
0.344947	0.000000
0.348414	0.000000
0.351881	0.000000
0.355348	0.000000
0.358814	0.000000
0.362281	0.000000
0.365748	0.000000
0.369215	0.000000
0.372682	0.000000
0.376148	0.000000
0.379615	0.000000
0.383082	0.000000
0.386549	0.000000
0.390016	0.000000
0.393483	0.000000
0.396949	0.000000
0.400416	0.000000
0.403883	0.000000
0.407350	0.000000
0.410817	0.000000
0.414283	0.000000
0.417750	0.000000
0.421217	0.000000
0.424684	0.000000
0.428151	0.000000
0.431617	0.000000
0.435084	0.000000
0.438551	0.000000
0.442018	0.000000
0.445485	0.000000
0.448951	0.000000
0.452418	0.000000
0.455885	0.000000
0.459352	0.000000
0.462819	0.000000
0.466285	0.000000
0.469752	0.000000
0.473219	0.000000
0.476686	0.000000
0.480153	0.000000
0.483619	0.000000
0.487086	0.000000
0.490553	0.000000
0.494020	0.000000
0.497487	0.000000
0.500954	0.000000
0.504420	0.000000
0.507887	0.000000
0.511354	0.000000
0.514821	0.000000
0.518288	0.000000
0.521754	0.000000
0.525221	0.000000
0.528688	0.000000
0.532155	0.000000
0.535622	0.000000
0.539088	0.000000
0.542555	0.000000
0.546022	0.000000
0.549489	0.000000
0.552956	0.000000
0.556422	0.000000
0.559889	0.000000
0.563356	0.000000
0.566823	0.000000
0.570290	0.000000
0.573756	0.000000
0.577223	0.000000
0.580690	0.000000
0.584157	0.000000
0.587624	0.000000
0.591090	0.000000
0.594557	0.000000
0.598024	0.000000
0.601491	0.000000
0.604958	0.000000
0.608425	0.000000
0.611891	0.000000
0.615358	0.000000
0.618825	0.000000
0.622292	0.000000
0.625759	0.000000
0.629225	0.000000
0.632692	0.000000
0.636159	0.000000
0.639626	0.000000
0.643093	0.000000
0.646559	0.000000
0.650026	0.000000
0.653493	0.000000
0.656960	0.000000
0.660427	0.000000
0.663893	0.000000
0.667360	0.000000
0.670827	0.000000
0.674294	0.000000
0.677761	0.000000
0.681227	0.000000
0.684694	0.000000
0.688161	0.000000
0.691628	0.000000
0.695095	0.000000
0.698561	0.000000
0.702028	0.000000
0.705495	0.000000
0.708962	0.000000
0.712429	0.000000
0.715896	0.000000
0.719362	0.000000
0.722829	0.000000
0.726296	0.000000
0.729763	0.000000
0.733230	0.000000
0.736696	0.000000
0.740163	0.000000
0.743630	0.000000
0.747097	0.000000
0.750564	0.000000
0.754030	0.000000
0.757497	0.000000
0.760964	0.000000
0.764431	0.000000
0.767898	0.000000
0.771364	0.000000
0.774831	0.000000
0.778298	0.000000
0.781765	0.000000
0.785232	0.000000
0.788698	0.000000
0.792165	0.000000
0.795632	0.000000
0.799099	0.000000
0.802566	0.000000
0.806032	0.000000
0.809499	0.000000
0.812966	0.000000
0.816433	0.000000
0.819900	0.000000
0.823367	0.000000
0.826833	0.000000
0.830300	0.000000
0.833767	0.000000
0.837234	0.000000
0.840701	0.000000
0.844167	0.000119
0.847634	0.000118
0.851101	0.000000
0.854568	0.000116
0.858035	0.000231
0.861501	0.000344
0.864968	0.000170
0.868435	0.000676
0.871902	0.000895
0.875369	0.000999
0.878835	0.001541
0.882302	0.002566
0.885769	0.005147
0.889236	0.004731
0.892703	0.008534
0.896169	0.009527
0.899636	0.013288
0.903103	0.019492
0.906570	0.027205
0.910037	0.033260
0.913503	0.047933
0.916970	0.063344
0.920437	0.082988
0.923904	0.106717
0.927371	0.134045
0.930838	0.167291
0.934304	0.208076
0.937771	0.257100
0.941238	0.308181
0.944705	0.370127
0.948172	0.433809
0.951638	0.507350
0.955105	0.586664
0.958572	0.665375
0.962039	0.772010
0.965506	0.858085
0.968972	0.962875
0.972439	1.077525
0.975906	1.177762
0.979373	1.308814
0.982840	1.419336
0.986306	1.539414
0.989773	1.645542
0.993240	1.747785
0.996707	1.866539
1.000170	1.979996
1.003640	2.067198
1.007110	2.168829
1.010570	2.269311
1.014040	2.337200
1.017510	2.430512
1.020970	2.505706
1.024440	2.581448
1.027910	2.646497
1.031370	2.704261
1.034840	2.744840
1.038310	2.794161
1.041780	2.824006
1.045240	2.858646
1.048710	2.863585
1.052180	2.899538
1.055640	2.901885
1.059110	2.899290
1.062580	2.914286
1.066040	2.896447
1.069510	2.897841
1.072980	2.876930
1.076440	2.870388
1.079910	2.842548
1.083380	2.798779
1.086840	2.794376
1.090310	2.762007
1.093780	2.736640
1.097240	2.702321
1.100710	2.677782
1.104180	2.644884
1.107640	2.590556
1.111110	2.559506
1.114580	2.552437
1.118050	2.484740
1.121510	2.453857
1.124980	2.407015
1.128450	2.365510
1.131910	2.315509
1.135380	2.280452
1.138850	2.222146
1.142310	2.179458
1.145780	2.147963
1.149250	2.105607
1.152710	2.068200
1.156180	2.042047
1.159650	1.991640
1.163110	1.950218
1.166580	1.887543
1.170050	1.866251
1.173510	1.830671
1.176980	1.794376
1.180450	1.752949
1.183910	1.737723
1.187380	1.691864
1.190850	1.652411
1.194310	1.631180
1.197780	1.594167
1.201250	1.549187
1.204720	1.530063
1.208180	1.490427
1.211650	1.471399
1.215120	1.443410
1.218580	1.402404
1.222050	1.392551
1.225520	1.368182
1.228980	1.327068
1.232450	1.301424
1.235920	1.285895
1.239380	1.249599
1.242850	1.222632
1.246320	1.210777
1.249780	1.192013
1.253250	1.164940
1.256720	1.143529
1.260180	1.127985
1.263650	1.110570
1.267120	1.090973
1.270580	1.067939
1.274050	1.064704
1.277520	1.041350
1.280980	1.036836
1.284450	1.007258
1.287920	0.983546
1.291390	0.985485
1.294850	0.959756
1.298320	0.939153
1.301790	0.929192
1.305250	0.915256
1.308720	0.901379
1.312190	0.889958
1.315650	0.880189
1.319120	0.874616
1.322590	0.856234
1.326050	0.846228
1.329520	0.833067
1.332990	0.824241
1.336450	0.810428
1.339920	0.812181
1.343390	0.789269
1.346850	0.785657
1.350320	0.781395
1.353790	0.772759
1.357250	0.762957
1.360720	0.751176
1.364190	0.739597
1.367660	0.731579
1.371120	0.732768
1.374590	0.719561
1.378060	0.714624
1.381520	0.704494
1.384990	0.702567
1.388460	0.699967
1.391920	0.695344
1.395390	0.685606
1.398860	0.678063
1.402320	0.670045
1.405790	0.673735
1.409260	0.665309
1.412720	0.661962
1.416190	0.651392
1.419660	0.648720
1.423120	0.642647
1.426590	0.644143
1.430060	0.632647
1.433520	0.632404
1.436990	0.630138
1.440460	0.629362
1.443920	0.622796
1.447390	0.628947
1.450860	0.613001
1.454330	0.604314
1.457790	0.614764
1.461260	0.603211
1.464730	0.602241
1.468190	0.601077
1.471660	0.602409
1.475130	0.597471
1.478590	0.594089
1.482060	0.595126
1.485530	0.593584
1.488990	0.594159
1.492460	0.597509
1.495930	0.597345
1.499390	0.590369
1.502860	0.589437
1.506330	0.584778
1.509790	0.586366
1.513260	0.589233
1.516730	0.587540
1.520190	0.586740
1.523660	0.584164
1.527130	0.587384
1.530600	0.587321
1.534060	0.583044
1.537530	0.591134
1.541000	0.590267
1.544460	0.587977
1.547930	0.586641
1.551400	0.593330
1.554860	0.594414
1.558330	0.589357
1.561800	0.590333
1.565260	0.600022
1.568730	0.596285
1.572200	0.598370
1.575660	0.603410
1.579130	0.603457
1.582600	0.605076
1.586060	0.610629
1.589530	0.615673
1.593000	0.611975
1.596460	0.621979
1.599930	0.629133
1.603400	0.620397
1.606860	0.627766
1.610330	0.631819
1.613800	0.629728
1.617270	0.642421
1.620730	0.642816
1.624200	0.643490
1.627670	0.650202
1.631130	0.662220
1.634600	0.665284
1.638070	0.665038
1.641530	0.671192
1.645000	0.675120
1.648470	0.675568
1.651930	0.677970
1.655400	0.685402
1.658870	0.690186
1.662330	0.697833
1.665800	0.704566
1.669270	0.707165
1.672730	0.719140
1.676200	0.721282
1.679670	0.724907
1.683130	0.734122
1.686600	0.744422
1.690070	0.751015
1.693530	0.757547
1.697000	0.762913
1.700470	0.765347
1.703940	0.777419
1.707400	0.779572
1.710870	0.792594
1.714340	0.792935
1.717800	0.803610
1.721270	0.807378
1.724740	0.813695
1.728200	0.821265
1.731670	0.832524
1.735140	0.835610
1.738600	0.838089
1.742070	0.855444
1.745540	0.858704
1.749000	0.869796
1.752470	0.877113
1.755940	0.878892
1.759400	0.888615
1.762870	0.903479
1.766340	0.908424
1.769800	0.915834
1.773270	0.921003
1.776740	0.928427
1.780210	0.929334
1.783670	0.950229
1.787140	0.954212
1.790610	0.962094
1.794070	0.971230
1.797540	0.986353
1.801010	0.989322
1.804470	0.992272
1.807940	1.005182
1.811410	1.006298
1.814870	1.017442
1.818340	1.018298
1.821810	1.030996
1.825270	1.037714
1.828740	1.049760
1.832210	1.042701
1.835670	1.056490
1.839140	1.059699
1.842610	1.070551
1.846070	1.076277
1.849540	1.079876
1.853010	1.082201
1.856470	1.086500
1.859940	1.093954
1.863410	1.102375
1.866880	1.113640
1.870340	1.117195
1.873810	1.128586
1.877280	1.133202
1.880740	1.134123
1.884210	1.140706
1.887680	1.144047
1.891140	1.144124
1.894610	1.156460
1.898080	1.161301
1.901540	1.164430
1.905010	1.171346
1.908480	1.171505
1.911940	1.186192
1.915410	1.179135
1.918880	1.186963
1.922340	1.195039
1.925810	1.195910
1.929280	1.197349
1.932740	1.206269
1.936210	1.212044
1.939680	1.207964
1.943140	1.218743
1.946610	1.222730
1.950080	1.231095
1.953550	1.229058
1.957010	1.233453
1.960480	1.236814
1.963950	1.237642
1.967410	1.237755
1.970880	1.245922
1.974350	1.249544
1.977810	1.253220
1.981280	1.253267
1.984750	1.256306
1.988210	1.260424
1.991680	1.262275
1.995150	1.263520
1.998610	1.261418
2.002080	1.266280
2.005550	1.270466
2.009010	1.271931
2.012480	1.271845
2.015950	1.270611
2.019410	1.267472
2.022880	1.273333
2.026350	1.278327
2.029820	1.275151
2.033280	1.276359
2.036750	1.273134
2.040220	1.277287
2.043680	1.277123
2.047150	1.277981
2.050620	1.271683
2.054080	1.277448
2.057550	1.276360
2.061020	1.270058
2.064480	1.268070
2.067950	1.261257
2.071420	1.259436
2.074880	1.262272
2.078350	1.258300
2.081820	1.262253
2.085280	1.251012
2.088750	1.250380
2.092220	1.243870
2.095680	1.240048
2.099150	1.239111
2.102620	1.237354
2.106080	1.237463
2.109550	1.231927
2.113020	1.223785
2.116490	1.220263
2.119950	1.217637
2.123420	1.211358
2.126890	1.208931
2.130350	1.204493
2.133820	1.195393
2.137290	1.197641
2.140750	1.194851
2.144220	1.189076
2.147690	1.177767
2.151150	1.168710
2.154620	1.169859
2.158090	1.164607
2.161550	1.166597
2.165020	1.150277
2.168490	1.151456
2.171950	1.145106
2.175420	1.137113
2.178890	1.132306
2.182350	1.129238
2.185820	1.125925
2.189290	1.119313
2.192760	1.112486
2.196220	1.102227
2.199690	1.106075
2.203160	1.094398
2.206620	1.090909
2.210090	1.085724
2.213560	1.079150
2.217020	1.071773
2.220490	1.064015
2.223960	1.064438
2.227420	1.061934
2.230890	1.050649
2.234360	1.046949
2.237820	1.043334
2.241290	1.032045
2.244760	1.027425
2.248220	1.025008
2.251690	1.019565
2.255160	1.011903
2.258620	1.006199
2.262090	1.001381
2.265560	0.995751
2.269020	0.988310
2.272490	0.983610
2.275960	0.979376
2.279430	0.974101
2.282890	0.966740
2.286360	0.966535
2.289830	0.961307
2.293290	0.955713
2.296760	0.956100
2.300230	0.950473
2.303690	0.939756
2.307160	0.939283
2.310630	0.937493
2.314090	0.929130
2.317560	0.916571
2.321030	0.921701
2.324490	0.913817
2.327960	0.912054
2.331430	0.910665
2.334890	0.902903
2.338360	0.901238
2.341830	0.899943
2.345290	0.892494
2.348760	0.891101
2.352230	0.888276
2.355690	0.885902
2.359160	0.881459
2.362630	0.882902
2.366100	0.872990
2.369560	0.873943
2.373030	0.873452
2.376500	0.866863
2.379960	0.864175
2.383430	0.868465
2.386900	0.859415
2.390360	0.861098
2.393830	0.857485
2.397300	0.854556
2.400760	0.861345
2.404230	0.850708
2.407700	0.851604
2.411160	0.854435
2.414630	0.845495
2.418100	0.848611
2.421560	0.849047
2.425030	0.845935
2.428500	0.850607
2.431960	0.847500
2.435430	0.844279
2.438900	0.837929
2.442370	0.845471
2.445830	0.840347
2.449300	0.837183
2.452770	0.840351
2.456230	0.836719
2.459700	0.832241
2.463170	0.837095
2.466630	0.836322
2.470100	0.835265
2.473570	0.831126
2.477030	0.834108
2.480500	0.833346
2.483970	0.833082
2.487430	0.835323
2.490900	0.835295
2.494370	0.835564
2.497830	0.839378
2.501300	0.837025
2.504770	0.840218
2.508230	0.840992
2.511700	0.843624
2.515170	0.842939
2.518630	0.843884
2.522100	0.840671
2.525570	0.842956
2.529040	0.845996
2.532500	0.844874
2.535970	0.850782
2.539440	0.849575
2.542900	0.851979
2.546370	0.853490
2.549840	0.853831
2.553300	0.857930
2.556770	0.861809
2.560240	0.857492
2.563700	0.862379
2.567170	0.864037
2.570640	0.868314
2.574100	0.870340
2.577570	0.869306
2.581040	0.873831
2.584500	0.877527
2.587970	0.880148
2.591440	0.880453
2.594900	0.887994
2.598370	0.883718
2.601840	0.888404
2.605300	0.893255
2.608770	0.895355
2.612240	0.898624
2.615710	0.902518
2.619170	0.907145
2.622640	0.906478
2.626110	0.907643
2.629570	0.909142
2.633040	0.913262
2.636510	0.919521
2.639970	0.921078
2.643440	0.923975
2.646910	0.926561
2.650370	0.928114
2.653840	0.935861
2.657310	0.939320
2.660770	0.943088
2.664240	0.941647
2.667710	0.946602
2.671170	0.952929
2.674640	0.951868
2.678110	0.960268
2.681570	0.961901
2.685040	0.965020
2.688510	0.966415
2.691980	0.970549
2.695440	0.976790
2.698910	0.974311
2.702380	0.985375
2.705840	0.984994
2.709310	0.987797
2.712780	0.989946
2.716240	0.993667
2.719710	0.999801
2.723180	1.003476
2.726640	1.007930
2.730110	1.009233
2.733580	1.012551
2.737040	1.015134
2.740510	1.013536
2.743980	1.018360
2.747440	1.023023
2.750910	1.022389
2.754380	1.030042
2.757840	1.033574
2.761310	1.036807
2.764780	1.036660
2.768240	1.038813
2.771710	1.040107
2.775180	1.048851
2.778650	1.048812
2.782110	1.051401
2.785580	1.050516
2.789050	1.051262
2.792510	1.056164
2.795980	1.063879
2.799450	1.061549
2.802910	1.062842
2.806380	1.067120
2.809850	1.069997
2.813310	1.069423
2.816780	1.073883
2.820250	1.073994
2.823710	1.075480
2.827180	1.078035
2.830650	1.078876
2.834110	1.073655
2.837580	1.081603
2.841050	1.082440
2.844510	1.081637
2.847980	1.086730
2.851450	1.087152
2.854920	1.091012
2.858380	1.090849
2.861850	1.086335
2.865320	1.089633
2.868780	1.094036
2.872250	1.090604
2.875720	1.089905
2.879180	1.092291
2.882650	1.097482
2.886120	1.095127
2.889580	1.096768
2.893050	1.095192
2.896520	1.094583
2.899980	1.099974
2.903450	1.095161
2.906920	1.094109
2.910380	1.097581
2.913850	1.104103
2.917320	1.096027
2.920780	1.099784
2.924250	1.101806
2.927720	1.099412
2.931180	1.105961
2.934650	1.100911
2.938120	1.100486
2.941590	1.101462
2.945050	1.101406
2.948520	1.094750
2.951990	1.098712
2.955450	1.100720
2.958920	1.098395
2.962390	1.097805
2.965850	1.097378
2.969320	1.099541
2.972790	1.099758
2.976250	1.093973
2.979720	1.094235
2.983190	1.093603
2.986650	1.094635
2.990120	1.089165
2.993590	1.090162
2.997050	1.087799
3.000520	1.089427
3.003990	1.090772
3.007450	1.084104
3.010920	1.083762
3.014390	1.080007
3.017850	1.081727
3.021320	1.079530
3.024790	1.074367
3.028260	1.078037
3.031720	1.078158
3.035190	1.076947
3.038660	1.068041
3.042120	1.072264
3.045590	1.068119
3.049060	1.065052
3.052520	1.068204
3.055990	1.062400
3.059460	1.066665
3.062920	1.067740
3.066390	1.062217
3.069860	1.063563
3.073320	1.059811
3.076790	1.055362
3.080260	1.052160
3.083720	1.053871
3.087190	1.050291
3.090660	1.047296
3.094120	1.048765
3.097590	1.047000
3.101060	1.046755
3.104530	1.039735
3.107990	1.040792
3.111460	1.040379
3.114930	1.038880
3.118390	1.032072
3.121860	1.039534
3.125330	1.032107
3.128790	1.032466
3.132260	1.031143
3.135730	1.030559
3.139190	1.025705
3.142660	1.022492
3.146130	1.022357
3.149590	1.021163
3.153060	1.019430
3.156530	1.015025
3.159990	1.013332
3.163460	1.012101
3.166930	1.011896
3.170390	1.013012
3.173860	1.010551
3.177330	1.006035
3.180790	1.002671
3.184260	1.005461
3.187730	1.004506
3.191200	0.998931
3.194660	0.997500
3.198130	0.993045
3.201600	0.997785
3.205060	0.991828
3.208530	0.992048
3.212000	0.989039
3.215460	0.984904
3.218930	0.986334
3.222400	0.982730
3.225860	0.982498
3.229330	0.979729
3.232800	0.984974
3.236260	0.979813
3.239730	0.974623
3.243200	0.971793
3.246660	0.970339
3.250130	0.971836
3.253600	0.967144
3.257060	0.967078
3.260530	0.968129
3.264000	0.967415
3.267470	0.964152
3.270930	0.962951
3.274400	0.964934
3.277870	0.960287
3.281330	0.955187
3.284800	0.960874
3.288270	0.958075
3.291730	0.953555
3.295200	0.958446
3.298670	0.953160
3.302130	0.953911
3.305600	0.951690
3.309070	0.950826
3.312530	0.948733
3.316000	0.946800
3.319470	0.948088
3.322930	0.946044
3.326400	0.943140
3.329870	0.945544
3.333330	0.943383
3.336800	0.943840
3.340270	0.945852
3.343730	0.939835
3.347200	0.944259
3.350670	0.943105
3.354140	0.941361
3.357600	0.939727
3.361070	0.941010
3.364540	0.937706
3.368000	0.937398
3.371470	0.937899
3.374940	0.934581
3.378400	0.937438
3.381870	0.934495
3.385340	0.937697
3.388800	0.938996
3.392270	0.934784
3.395740	0.933263
3.399200	0.936742
3.402670	0.933220
3.406140	0.937765
3.409600	0.936163
3.413070	0.936061
3.416540	0.936562
3.420000	0.937266
3.423470	0.939264
3.426940	0.937553
3.430400	0.937678
3.433870	0.942141
3.437340	0.940285
3.440810	0.939332
3.444270	0.937947
3.447740	0.942449
3.451210	0.940314
3.454670	0.939353
3.458140	0.937766
3.461610	0.941237
3.465070	0.940354
