# Average Pressure: 4.3492413370000005
# Average Potential Energy per Particle: -2.70649279
# r	g(r)
0.002271	0.000000
0.006814	0.000000
0.011357	0.000000
0.015900	0.000000
0.020443	0.000000
0.024985	0.000000
0.029528	0.000000
0.034071	0.000000
0.038614	0.000000
0.043157	0.000000
0.047699	0.000000
0.052242	0.000000
0.056785	0.000000
0.061328	0.000000
0.065871	0.000000
0.070413	0.000000
0.074956	0.000000
0.079499	0.000000
0.084042	0.000000
0.088585	0.000000
0.093127	0.000000
0.097670	0.000000
0.102213	0.000000
0.106756	0.000000
0.111299	0.000000
0.115841	0.000000
0.120384	0.000000
0.124927	0.000000
0.129470	0.000000
0.134013	0.000000
0.138555	0.000000
0.143098	0.000000
0.147641	0.000000
0.152184	0.000000
0.156727	0.000000
0.161269	0.000000
0.165812	0.000000
0.170355	0.000000
0.174898	0.000000
0.179441	0.000000
0.183983	0.000000
0.188526	0.000000
0.193069	0.000000
0.197612	0.000000
0.202155	0.000000
0.206697	0.000000
0.211240	0.000000
0.215783	0.000000
0.220326	0.000000
0.224869	0.000000
0.229411	0.000000
0.233954	0.000000
0.238497	0.000000
0.243040	0.000000
0.247583	0.000000
0.252125	0.000000
0.256668	0.000000
0.261211	0.000000
0.265754	0.000000
0.270297	0.000000
0.274839	0.000000
0.279382	0.000000
0.283925	0.000000
0.288468	0.000000
0.293011	0.000000
0.297553	0.000000
0.302096	0.000000
0.306639	0.000000
0.311182	0.000000
0.315725	0.000000
0.320268	0.000000
0.324810	0.000000
0.329353	0.000000
0.333896	0.000000
0.338439	0.000000
0.342982	0.000000
0.347524	0.000000
0.352067	0.000000
0.356610	0.000000
0.361153	0.000000
0.365696	0.000000
0.370238	0.000000
0.374781	0.000000
0.379324	0.000000
0.383867	0.000000
0.388410	0.000000
0.392952	0.000000
0.397495	0.000000
0.402038	0.000000
0.406581	0.000000
0.411124	0.000000
0.415666	0.000000
0.420209	0.000000
0.424752	0.000000
0.429295	0.000000
0.433838	0.000000
0.438380	0.000000
0.442923	0.000000
0.447466	0.000000
0.452009	0.000000
0.456552	0.000000
0.461094	0.000000
0.465637	0.000000
0.470180	0.000000
0.474723	0.000000
0.479266	0.000000
0.483808	0.000000
0.488351	0.000000
0.492894	0.000000
0.497437	0.000000
0.501980	0.000000
0.506522	0.000000
0.511065	0.000000
0.515608	0.000000
0.520151	0.000000
0.524694	0.000000
0.529236	0.000000
0.533779	0.000000
0.538322	0.000000
0.542865	0.000000
0.547408	0.000000
0.551950	0.000000
0.556493	0.000000
0.561036	0.000000
0.565579	0.000000
0.570122	0.000000
0.574664	0.000000
0.579207	0.000000
0.583750	0.000000
0.588293	0.000000
0.592836	0.000000
0.597378	0.000000
0.601921	0.000000
0.606464	0.000000
0.611007	0.000000
0.615550	0.000000
0.620092	0.000000
0.624635	0.000000
0.629178	0.000000
0.633721	0.000000
0.638264	0.000000
0.642806	0.000000
0.647349	0.000000
0.651892	0.000000
0.656435	0.000000
0.660978	0.000000
0.665520	0.000000
0.670063	0.000000
0.674606	0.000000
0.679149	0.000000
0.683692	0.000000
0.688234	0.000000
0.692777	0.000000
0.697320	0.000000
0.701863	0.000000
0.706406	0.000000
0.710948	0.000000
0.715491	0.000000
0.720034	0.000000
0.724577	0.000000
0.729120	0.000000
0.733662	0.000000
0.738205	0.000000
0.742748	0.000000
0.747291	0.000000
0.751834	0.000000
0.756376	0.000000
0.760919	0.000000
0.765462	0.000000
0.770005	0.000000
0.774548	0.000000
0.779090	0.000000
0.783633	0.000000
0.788176	0.000000
0.792719	0.000000
0.797262	0.000000
0.801804	0.000000
0.806347	0.000000
0.810890	0.000000
0.815433	0.000000
0.819976	0.000000
0.824518	0.000000
0.829061	0.000000
0.833604	0.000000
0.838147	0.000000
0.842690	0.000000
0.847232	0.000000
0.851775	0.000000
0.856318	0.000000
0.860861	0.000000
0.865404	0.000195
0.869946	0.000096
0.874489	0.000573
0.879032	0.000756
0.883575	0.002057
0.888118	0.003331
0.892660	0.005129
0.897203	0.009158
0.901746	0.012566
0.906289	0.019017
0.910832	0.024810
0.915374	0.042770
0.919917	0.055200
0.924460	0.071142
0.929003	0.099624
0.933546	0.124703
0.938089	0.161070
0.942631	0.203550
0.947174	0.246349
0.951717	0.295011
0.956260	0.355511
0.960803	0.414302
0.965345	0.476595
0.969888	0.559974
0.974431	0.624793
0.978974	0.693337
0.983517	0.785039
0.988059	0.861049
0.992602	0.940748
0.997145	0.996427
1.001690	1.091213
1.006230	1.171854
1.010770	1.235712
1.015320	1.309997
1.019860	1.385789
1.024400	1.434453
1.028940	1.496067
1.033490	1.548336
1.038030	1.594899
1.042570	1.652209
1.047120	1.708466
1.051660	1.733731
1.056200	1.774263
1.060740	1.813137
1.065290	1.834173
1.069830	1.848348
1.074370	1.874800
1.078920	1.890396
1.083460	1.905168
1.088000	1.919689
1.092540	1.921367
1.097090	1.925320
1.101630	1.928780
1.106170	1.943092
1.110710	1.930012
1.115260	1.928581
1.119800	1.912848
1.124340	1.916358
1.128890	1.908871
1.133430	1.880589
1.137970	1.857940
1.142510	1.856669
1.147060	1.852920
1.151600	1.852035
1.156140	1.819218
1.160690	1.810368
1.165230	1.780636
1.169770	1.782729
1.174310	1.761975
1.178860	1.730250
1.183400	1.714072
1.187940	1.713141
1.192490	1.697034
1.197030	1.653768
1.201570	1.646645
1.206110	1.639784
1.210660	1.628746
1.215200	1.609672
1.219740	1.588776
1.224280	1.576861
1.228830	1.556570
1.233370	1.542248
1.237910	1.516373
1.242460	1.494100
1.247000	1.489899
1.251540	1.460277
1.256080	1.479525
1.260630	1.452806
1.265170	1.429716
1.269710	1.404925
1.274260	1.412591
1.278800	1.384187
1.283340	1.379190
1.287880	1.357069
1.292430	1.355891
1.296970	1.334692
1.301510	1.321256
1.306060	1.314176
1.310600	1.313028
1.315140	1.296291
1.319680	1.274307
1.324230	1.263708
1.328770	1.253013
1.333310	1.239645
1.337860	1.225327
1.342400	1.209919
1.346940	1.207444
1.351480	1.191309
1.356030	1.181197
1.360570	1.176911
1.365110	1.158633
1.369650	1.158976
1.374200	1.151054
1.378740	1.132692
1.383280	1.139302
1.387830	1.126172
1.392370	1.114053
1.396910	1.110448
1.401450	1.103409
1.406000	1.094038
1.410540	1.079408
1.415080	1.091551
1.419630	1.085518
1.424170	1.063778
1.428710	1.062962
1.433250	1.064262
1.437800	1.055041
1.442340	1.061844
1.446880	1.045286
1.451430	1.034386
1.455970	1.025428
1.460510	1.043387
1.465050	1.027643
1.469600	1.024951
1.474140	1.021295
1.478680	1.005617
1.483220	1.008987
1.487770	1.009629
1.492310	0.992774
1.496850	0.984672
1.501400	0.982770
1.505940	0.978136
1.510480	0.974981
1.515020	0.968634
1.519570	0.963168
1.524110	0.969155
1.528650	0.950378
1.533200	0.960900
1.537740	0.948255
1.542280	0.952619
1.546820	0.950572
1.551370	0.939492
1.555910	0.930940
1.560450	0.943992
1.565000	0.932468
1.569540	0.925153
1.574080	0.930808
1.578620	0.924991
1.583170	0.935911
1.587710	0.923583
1.592250	0.922640
1.596790	0.912446
1.601340	0.912883
1.605880	0.919075
1.610420	0.908409
1.614970	0.907588
1.619510	0.906788
1.624050	0.914314
1.628590	0.906386
1.633140	0.918454
1.637680	0.901283
1.642220	0.906939
1.646770	0.906356
1.651310	0.899636
1.655850	0.903145
1.660390	0.900699
1.664940	0.895764
1.669480	0.903153
1.674020	0.893620
1.678570	0.902909
1.683110	0.895077
1.687650	0.895237
1.692190	0.891991
1.696740	0.890568
1.701280	0.898124
1.705820	0.900271
1.710360	0.902057
1.714910	0.896341
1.719450	0.896845
1.723990	0.903052
1.728540	0.896309
1.733080	0.914944
1.737620	0.909877
1.742160	0.895784
1.746710	0.903307
1.751250	0.917285
1.755790	0.899380
1.760340	0.905979
1.764880	0.910789
1.769420	0.897958
1.773960	0.904498
1.778510	0.915853
1.783050	0.913601
1.787590	0.919836
1.792140	0.915429
1.796680	0.916028
1.801220	0.920390
1.805760	0.917332
1.810310	0.921375
1.814850	0.923437
1.819390	0.934288
1.823930	0.935587
1.828480	0.934196
1.833020	0.926466
1.837560	0.931791
1.842110	0.944342
1.846650	0.940794
1.851190	0.947130
1.855730	0.942477
1.860280	0.929359
1.864820	0.940746
1.869360	0.937537
1.873910	0.945447
1.878450	0.942223
1.882990	0.948573
1.887530	0.954276
1.892080	0.957386
1.896620	0.957411
1.901160	0.960958
1.905710	0.969746
1.910250	0.961321
1.914790	0.961921
1.919330	0.960265
1.923880	0.962973
1.928420	0.971199
1.932960	0.983342
1.937500	0.971483
1.942050	0.974007
1.946590	0.981331
1.951130	0.987026
1.955680	0.982597
1.960220	0.991973
1.964760	0.990924
1.969300	0.989709
1.973850	0.999153
1.978390	0.997200
1.982930	1.004405
1.987480	1.004363
1.992020	1.010989
1.996560	1.011775
2.001100	1.009631
2.005650	1.019541
2.010190	1.016873
2.014730	1.010062
2.019280	1.029688
2.023820	1.026406
2.028360	1.031057
2.032900	1.026806
2.037450	1.023500
2.041990	1.035790
2.046530	1.030709
2.051070	1.033799
2.055620	1.042674
2.060160	1.034228
2.064700	1.039389
2.069250	1.037780
2.073790	1.032729
2.078330	1.044645
2.082870	1.040866
2.087420	1.045939
2.091960	1.051958
2.096500	1.045478
2.101050	1.050221
2.105590	1.051210
2.110130	1.044738
2.114670	1.057833
2.119220	1.042754
2.123760	1.052492
2.128300	1.057235
2.132850	1.060951
2.137390	1.051574
2.141930	1.055740
2.146470	1.057786
2.151020	1.054254
2.155560	1.061738
2.160100	1.060249
2.164640	1.060866
2.169190	1.057312
2.173730	1.057376
2.178270	1.055586
2.182820	1.064524
2.187360	1.057729
2.191900	1.053317
2.196440	1.057059
2.200990	1.067254
2.205530	1.063432
2.210070	1.064743
2.214620	1.060261
2.219160	1.062401
2.223700	1.060530
2.228240	1.061957
2.232790	1.052663
2.237330	1.061006
2.241870	1.059324
2.246420	1.060988
2.250960	1.055457
2.255500	1.056030
2.260040	1.056261
2.264590	1.056697
2.269130	1.058126
2.273670	1.052701
2.278210	1.052319
2.282760	1.059283
2.287300	1.051369
2.291840	1.047830
2.296390	1.047620
2.300930	1.039158
2.305470	1.050955
2.310010	1.054828
2.314560	1.039519
2.319100	1.043077
2.323640	1.050101
2.328190	1.038950
2.332730	1.040354
2.337270	1.046254
2.341810	1.043303
2.346360	1.039387
2.350900	1.040234
2.355440	1.032148
2.359990	1.034875
2.364530	1.034047
2.369070	1.029956
2.373610	1.025640
2.378160	1.038143
2.382700	1.028390
2.387240	1.027679
2.391780	1.026397
2.396330	1.025712
2.400870	1.021352
2.405410	1.015568
2.409960	1.015853
2.414500	1.020847
2.419040	1.013625
2.423580	1.018589
2.428130	1.019238
2.432670	1.014855
2.437210	1.009317
2.441760	1.012029
2.446300	1.016690
2.450840	1.012487
2.455380	1.011759
2.459930	1.003803
2.464470	1.014767
2.469010	1.008749
2.473560	1.011251
2.478100	1.009651
2.482640	1.001945
2.487180	1.004104
2.491730	1.007830
2.496270	1.003626
2.500810	1.005935
2.505360	1.003581
2.509900	1.007263
2.514440	1.005923
2.518980	1.001194
2.523530	1.003461
2.528070	1.002131
2.532610	0.991586
2.537150	1.005307
2.541700	1.000869
2.546240	0.994982
2.550780	1.006731
2.555330	0.998627
2.559870	0.999398
2.564410	0.998733
2.568950	0.994541
2.573500	1.003817
2.578040	0.998811
2.582580	0.999382
2.587130	1.001361
2.591670	1.002591
2.596210	1.000829
2.600750	1.001382
2.605300	0.998441
2.609840	1.000798
2.614380	0.993180
2.618930	0.995600
2.623470	0.993725
2.628010	0.994541
2.632550	0.990206
2.637100	0.990282
2.641640	0.999472
2.646180	0.993343
2.650720	0.992207
2.655270	0.995998
2.659810	0.989556
2.664350	0.989392
2.668900	0.992729
2.673440	0.990226
2.677980	0.988448
2.682520	0.992435
2.687070	0.986596
2.691610	0.988466
2.696150	0.993200
2.700700	0.995697
2.705240	0.993502
2.709780	0.990819
2.714320	0.984554
2.718870	0.987210
2.723410	0.986400
2.727950	0.988197
2.732500	0.992462
2.737040	0.991625
2.741580	0.989205
2.746120	0.993087
2.750670	0.993139
2.755210	0.986183
2.759750	0.993817
2.764290	0.991689
2.768840	0.987077
2.773380	0.986655
2.777920	0.987081
2.782470	0.988708
2.787010	0.986294
2.791550	0.984697
2.796090	0.998837
2.800640	0.986340
2.805180	0.989011
2.809720	0.987682
2.814270	0.997951
2.818810	0.995950
2.823350	0.994889
2.827890	0.993467
2.832440	0.995331
2.836980	0.992446
2.841520	0.993008
2.846070	0.990219
2.850610	0.997216
2.855150	1.000241
2.859690	0.996423
2.864240	0.993851
2.868780	0.995833
2.873320	0.996108
2.877860	0.999232
2.882410	0.992958
2.886950	0.997042
2.891490	1.002161
2.896040	0.997410
2.900580	1.006572
2.905120	1.005199
2.909660	0.995519
2.914210	1.000247
2.918750	1.000847
2.923290	1.001103
2.927840	1.003048
2.932380	1.003007
2.936920	1.001539
2.941460	1.006108
2.946010	1.009290
2.950550	1.002211
2.955090	1.007448
2.959640	1.005191
2.964180	1.004097
2.968720	1.001681
2.973260	1.000339
2.977810	1.009086
2.982350	0.996428
2.986890	1.002195
2.991430	1.002595
2.995980	1.001411
3.000520	0.996719
3.005060	0.999957
3.009610	1.000090
3.014150	0.998532
3.018690	1.000558
3.023230	1.002625
3.027780	1.002875
3.032320	0.996713
3.036860	0.996211
3.041410	1.005451
3.045950	0.998167
3.050490	1.001440
3.055030	1.000215
3.059580	0.999992
3.064120	1.000722
3.068660	1.005140
3.073210	1.005563
3.077750	1.003876
3.082290	1.002623
3.086830	1.002893
3.091380	1.000344
3.095920	1.003807
3.100460	1.004452
3.105000	1.005573
3.109550	1.006645
3.114090	1.002679
3.118630	1.006019
3.123180	1.005437
3.127720	1.001809
3.132260	1.003399
3.136800	1.003899
3.141350	1.006331
3.145890	1.006141
3.150430	1.004432
3.154980	1.006140
3.159520	1.010253
3.164060	1.011131
3.168600	1.008931
3.173150	1.010082
3.177690	1.007384
3.182230	1.005895
3.186780	1.006119
3.191320	1.009090
3.195860	1.005330
3.200400	1.005407
3.204950	1.009146
3.209490	1.005036
3.214030	1.008062
3.218570	0.999758
3.223120	1.011036
3.227660	1.008017
3.232200	1.006338
3.236750	1.003773
3.241290	1.007027
3.245830	1.003212
3.250370	1.005107
3.254920	1.007981
3.259460	1.007805
3.264000	1.005069
3.268550	1.001342
3.273090	1.006113
3.277630	1.005601
3.282170	1.006905
3.286720	1.002894
3.291260	1.001819
3.295800	1.005724
3.300350	1.003701
3.304890	1.003225
3.309430	1.004662
3.313970	0.997610
3.318520	1.001362
3.323060	1.004001
3.327600	1.002520
3.332140	1.000459
3.336690	0.994058
3.341230	0.999811
3.345770	0.998552
3.350320	0.996997
3.354860	1.001425
3.359400	1.004379
3.363940	0.999053
3.368490	1.003810
3.373030	1.000255
3.377570	1.004272
3.382120	0.999158
3.386660	0.997808
3.391200	0.995480
3.395740	1.001110
3.400290	0.994523
3.404830	1.000080
3.409370	0.993462
3.413920	0.996868
3.418460	0.999674
3.423000	1.001863
3.427540	0.995182
3.432090	0.995487
3.436630	0.996137
3.441170	1.001332
3.445710	0.995489
3.450260	0.992521
3.454800	1.003470
3.459340	0.995372
3.463890	0.998718
3.468430	0.998136
3.472970	0.993360
3.477510	0.996971
3.482060	0.992391
3.486600	0.996051
3.491140	0.993951
3.495690	0.992086
3.500230	0.993929
3.504770	0.993908
3.509310	0.995538
3.513860	0.994644
3.518400	0.993958
3.522940	0.994196
3.527490	0.993601
3.532030	0.991328
3.536570	0.995570
3.541110	0.999269
3.545660	0.994800
3.550200	0.997745
3.554740	0.996676
3.559280	0.993263
3.563830	0.995813
3.568370	0.998420
3.572910	0.995694
3.577460	0.996909
3.582000	0.995115
3.586540	0.994576
3.591080	0.998345
3.595630	0.994637
3.600170	1.002035
3.604710	0.998117
3.609260	0.996217
3.613800	0.996235
3.618340	0.998931
3.622880	0.994931
3.627430	0.997943
3.631970	0.993783
3.636510	0.993465
3.641060	0.994021
3.645600	0.997125
3.650140	0.995756
3.654680	0.995649
3.659230	0.997108
3.663770	1.000097
3.668310	0.997198
3.672850	1.001886
3.677400	0.998910
3.681940	1.004608
3.686480	1.001876
3.691030	0.997297
3.695570	0.996598
3.700110	0.999687
3.704650	0.999656
3.709200	0.995521
3.713740	0.997014
3.718280	0.995171
3.722830	0.999000
3.727370	0.997822
3.731910	0.995143
3.736450	0.995526
3.741000	0.990659
3.745540	0.997784
3.750080	0.993733
3.754630	0.998312
3.759170	0.990235
3.763710	0.998044
3.768250	0.992746
3.772800	0.996530
3.777340	0.996002
3.781880	0.999550
3.786430	0.995647
3.790970	0.997036
3.795510	0.998253
3.800050	0.997040
3.804600	0.998523
3.809140	0.995614
3.813680	0.998920
3.818220	0.994697
3.822770	1.000810
3.827310	0.997284
3.831850	1.000608
3.836400	0.998017
3.840940	0.996524
3.845480	0.999293
3.850020	0.998123
3.854570	1.001935
3.859110	0.995938
3.863650	1.000804
3.868200	0.996855
3.872740	0.998280
3.877280	0.997166
3.881820	0.996421
3.886370	0.999134
3.890910	1.003199
3.895450	0.999313
3.900000	1.000201
3.904540	1.005622
3.909080	1.002645
3.913620	0.998351
3.918170	1.000820
3.922710	0.998768
3.927250	1.000889
3.931790	0.997586
3.936340	0.997946
3.940880	0.999139
3.945420	0.998856
3.949970	1.000802
3.954510	1.001748
3.959050	1.000544
3.963590	0.997690
3.968140	1.001531
3.972680	0.997280
3.977220	0.997288
3.981770	0.999433
3.986310	0.998139
3.990850	0.997352
3.995390	0.996988
3.999940	0.998662
4.004480	0.994654
4.009020	1.000517
4.013570	0.998380
4.018110	0.996688
4.022650	0.997055
4.027190	1.001692
4.031740	0.995709
4.036280	0.998989
4.040820	0.999908
4.045360	1.000897
4.049910	0.999022
4.054450	0.992052
4.058990	0.995739
4.063540	0.992567
4.068080	0.995975
4.072620	0.993768
4.077160	0.995251
4.081710	0.999280
4.086250	0.997570
4.090790	0.998008
4.095340	1.000343
4.099880	1.001002
4.104420	1.001906
4.108960	1.000687
4.113510	0.998620
4.118050	1.001295
4.122590	0.997702
4.127140	0.998122
4.131680	0.997334
4.136220	0.999602
4.140760	1.001187
4.145310	0.999609
4.149850	0.997960
4.154390	0.997606
4.158930	0.996871
4.163480	0.996907
4.168020	0.999877
4.172560	0.999902
4.177110	0.994809
4.181650	0.993146
4.186190	0.997775
4.190730	0.997592
4.195280	0.998888
4.199820	0.997634
4.204360	0.992506
4.208910	0.997572
4.213450	0.992518
4.217990	0.996975
4.222530	0.997745
4.227080	0.993625
4.231620	1.000517
4.236160	0.995403
4.240710	0.997334
4.245250	1.000134
4.249790	0.997007
4.254330	0.996773
4.258880	0.998958
4.263420	0.996184
4.267960	0.996461
4.272500	1.000860
4.277050	0.996206
4.281590	0.999432
4.286130	0.997692
4.290680	0.995656
4.295220	0.998567
4.299760	1.001290
4.304300	1.000088
4.308850	0.998646
4.313390	1.000285
4.317930	0.995362
4.322480	0.997999
4.327020	0.997713
4.331560	0.997461
4.336100	0.997472
4.340650	0.995510
4.345190	0.994353
4.349730	0.994685
4.354280	0.994846
4.358820	0.996370
4.363360	0.997164
4.367900	0.998209
4.372450	0.995005
4.376990	0.996740
4.381530	0.996240
4.386070	0.996052
4.390620	0.995635
4.395160	0.991466
4.399700	0.995724
4.404250	0.992056
4.408790	0.990413
4.413330	0.995912
4.417870	0.994083
4.422420	0.993340
4.426960	0.996867
4.431500	0.996441
4.436050	0.995606
4.440590	0.994944
4.445130	0.995375
4.449670	0.994770
4.454220	0.993746
4.458760	0.995434
4.463300	0.995054
4.467850	0.996198
4.472390	0.996562
4.476930	0.997993
4.481470	0.998420
4.486020	0.993686
4.490560	0.998220
4.495100	0.997511
4.499640	0.996492
4.504190	1.000337
4.508730	0.997454
4.513270	0.996454
4.517820	0.997527
4.522360	0.997929
4.526900	0.999834
4.531440	0.994901
4.535990	0.996264
4.540530	0.992970
