# Average Pressure: -116.4698583
# Average Potential Energy per Particle: -4.4917707275
# r	g(r)
0.001733	0.000000
0.005200	0.000000
0.008667	0.000000
0.012134	0.000000
0.015601	0.000000
0.019067	0.000000
0.022534	0.000000
0.026001	0.000000
0.029468	0.000000
0.032935	0.000000
0.036402	0.000000
0.039868	0.000000
0.043335	0.000000
0.046802	0.000000
0.050269	0.000000
0.053735	0.000000
0.057202	0.000000
0.060669	0.000000
0.064136	0.000000
0.067603	0.000000
0.071069	0.000000
0.074536	0.000000
0.078003	0.000000
0.081470	0.000000
0.084937	0.000000
0.088404	0.000000
0.091870	0.000000
0.095337	0.000000
0.098804	0.000000
0.102271	0.000000
0.105738	0.000000
0.109204	0.000000
0.112671	0.000000
0.116138	0.000000
0.119605	0.000000
0.123072	0.000000
0.126538	0.000000
0.130005	0.000000
0.133472	0.000000
0.136939	0.000000
0.140406	0.000000
0.143872	0.000000
0.147339	0.000000
0.150806	0.000000
0.154273	0.000000
0.157740	0.000000
0.161206	0.000000
0.164673	0.000000
0.168140	0.000000
0.171607	0.000000
0.175074	0.000000
0.178541	0.000000
0.182007	0.000000
0.185474	0.000000
0.188941	0.000000
0.192408	0.000000
0.195875	0.000000
0.199341	0.000000
0.202808	0.000000
0.206275	0.000000
0.209742	0.000000
0.213209	0.000000
0.216675	0.000000
0.220142	0.000000
0.223609	0.000000
0.227076	0.000000
0.230543	0.000000
0.234009	0.000000
0.237476	0.000000
0.240943	0.000000
0.244410	0.000000
0.247877	0.000000
0.251343	0.000000
0.254810	0.000000
0.258277	0.000000
0.261744	0.000000
0.265211	0.000000
0.268677	0.000000
0.272144	0.000000
0.275611	0.000000
0.279078	0.000000
0.282545	0.000000
0.286012	0.000000
0.289478	0.000000
0.292945	0.000000
0.296412	0.000000
0.299879	0.000000
0.303346	0.000000
0.306812	0.000000
0.310279	0.000000
0.313746	0.000000
0.317213	0.000000
0.320680	0.000000
0.324146	0.000000
0.327613	0.000000
0.331080	0.000000
0.334547	0.000000
0.338014	0.000000
0.341480	0.000000
0.344947	0.000000
0.348414	0.000000
0.351881	0.000000
0.355348	0.000000
0.358814	0.000000
0.362281	0.000000
0.365748	0.000000
0.369215	0.000000
0.372682	0.000000
0.376148	0.000000
0.379615	0.000000
0.383082	0.000000
0.386549	0.000000
0.390016	0.000000
0.393483	0.000000
0.396949	0.000000
0.400416	0.000000
0.403883	0.000000
0.407350	0.000000
0.410817	0.000000
0.414283	0.000000
0.417750	0.000000
0.421217	0.000000
0.424684	0.000000
0.428151	0.000000
0.431617	0.000000
0.435084	0.000000
0.438551	0.000000
0.442018	0.000000
0.445485	0.000000
0.448951	0.000000
0.452418	0.000000
0.455885	0.000000
0.459352	0.000000
0.462819	0.000000
0.466285	0.000000
0.469752	0.000000
0.473219	0.000000
0.476686	0.000000
0.480153	0.000000
0.483619	0.000000
0.487086	0.000000
0.490553	0.000000
0.494020	0.000000
0.497487	0.000000
0.500954	0.000000
0.504420	0.000000
0.507887	0.000000
0.511354	0.000000
0.514821	0.000000
0.518288	0.000000
0.521754	0.000000
0.525221	0.000000
0.528688	0.000000
0.532155	0.000000
0.535622	0.000000
0.539088	0.000000
0.542555	0.000000
0.546022	0.000000
0.549489	0.000000
0.552956	0.000000
0.556422	0.000000
0.559889	0.000000
0.563356	0.000000
0.566823	0.000000
0.570290	0.000000
0.573756	0.000000
0.577223	0.000000
0.580690	0.000000
0.584157	0.000000
0.587624	0.000000
0.591090	0.000000
0.594557	0.000000
0.598024	0.000000
0.601491	0.000000
0.604958	0.000000
0.608425	0.000000
0.611891	0.000000
0.615358	0.000000
0.618825	0.000000
0.622292	0.000000
0.625759	0.000000
0.629225	0.000000
0.632692	0.000000
0.636159	0.000000
0.639626	0.000000
0.643093	0.000000
0.646559	0.000000
0.650026	0.000000
0.653493	0.000000
0.656960	0.000000
0.660427	0.000000
0.663893	0.000000
0.667360	0.000000
0.670827	0.000000
0.674294	0.000000
0.677761	0.000000
0.681227	0.000000
0.684694	0.000000
0.688161	0.000000
0.691628	0.000000
0.695095	0.000000
0.698561	0.000000
0.702028	0.000000
0.705495	0.000000
0.708962	0.000000
0.712429	0.000000
0.715896	0.000000
0.719362	0.000000
0.722829	0.000000
0.726296	0.000000
0.729763	0.000000
0.733230	0.000000
0.736696	0.000000
0.740163	0.000000
0.743630	0.000000
0.747097	0.000000
0.750564	0.000000
0.754030	0.000000
0.757497	0.000000
0.760964	0.000000
0.764431	0.000000
0.767898	0.000000
0.771364	0.000000
0.774831	0.000000
0.778298	0.000000
0.781765	0.000000
0.785232	0.000000
0.788698	0.000000
0.792165	0.000000
0.795632	0.000000
0.799099	0.000000
0.802566	0.000000
0.806032	0.000000
0.809499	0.000000
0.812966	0.000000
0.816433	0.000000
0.819900	0.000000
0.823367	0.000125
0.826833	0.000187
0.830300	0.000185
0.833767	0.000183
0.837234	0.000728
0.840701	0.001864
0.844167	0.001730
0.847634	0.003846
0.851101	0.005516
0.854568	0.007276
0.858035	0.011028
0.861501	0.016323
0.864968	0.022953
0.868435	0.034099
0.871902	0.043223
0.875369	0.054641
0.878835	0.075895
0.882302	0.088678
0.885769	0.117784
0.889236	0.144928
0.892703	0.176075
0.896169	0.214941
0.899636	0.259611
0.903103	0.303434
0.906570	0.360079
0.910037	0.416470
0.913503	0.483202
0.916970	0.548764
0.920437	0.626773
0.923904	0.697322
0.927371	0.773772
0.930838	0.862261
0.934304	0.930816
0.937771	1.017525
0.941238	1.108693
0.944705	1.212927
0.948172	1.287149
0.951638	1.379408
0.955105	1.464890
0.958572	1.546326
0.962039	1.623890
0.965506	1.716763
0.968972	1.789478
0.972439	1.848123
0.975906	1.922053
0.979373	1.982432
0.982840	2.049749
0.986306	2.081464
0.989773	2.161760
0.993240	2.180993
0.996707	2.224853
1.000170	2.275278
1.003640	2.298960
1.007110	2.328925
1.010570	2.363253
1.014040	2.380234
1.017510	2.389003
1.020970	2.430061
1.024440	2.412751
1.027910	2.438142
1.031370	2.440121
1.034840	2.443051
1.038310	2.426645
1.041780	2.389058
1.045240	2.423157
1.048710	2.399777
1.052180	2.388829
1.055640	2.375186
1.059110	2.349658
1.062580	2.338831
1.066040	2.340101
1.069510	2.295968
1.072980	2.282337
1.076440	2.274300
1.079910	2.226260
1.083380	2.213121
1.086840	2.182796
1.090310	2.149054
1.093780	2.148068
1.097240	2.116368
1.100710	2.090776
1.104180	2.055110
1.107640	2.030349
1.111110	1.996454
1.114580	1.968657
1.118050	1.936778
1.121510	1.919821
1.124980	1.881740
1.128450	1.860048
1.131910	1.832879
1.135380	1.810295
1.138850	1.776642
1.142310	1.747143
1.145780	1.724024
1.149250	1.695132
1.152710	1.666556
1.156180	1.659217
1.159650	1.619029
1.163110	1.609267
1.166580	1.581693
1.170050	1.537215
1.173510	1.526233
1.176980	1.510200
1.180450	1.471113
1.183910	1.455896
1.187380	1.434957
1.190850	1.415942
1.194310	1.390508
1.197780	1.365641
1.201250	1.351024
1.204720	1.334767
1.208180	1.310927
1.211650	1.298599
1.215120	1.278591
1.218580	1.261938
1.222050	1.248155
1.225520	1.231876
1.228980	1.210499
1.232450	1.191274
1.235920	1.173969
1.239380	1.169541
1.242850	1.154798
1.246320	1.133961
1.249780	1.118154
1.253250	1.099634
1.256720	1.090507
1.260180	1.072604
1.263650	1.077454
1.267120	1.054412
1.270580	1.056011
1.274050	1.026470
1.277520	1.013716
1.280980	1.003263
1.284450	0.994968
1.287920	0.985238
1.291390	0.966929
1.294850	0.959503
1.298320	0.949820
1.301790	0.937545
1.305250	0.934567
1.308720	0.924435
1.312190	0.914102
1.315650	0.906515
1.319120	0.896822
1.322590	0.878858
1.326050	0.872215
1.329520	0.864810
1.332990	0.854647
1.336450	0.861833
1.339920	0.846677
1.343390	0.839651
1.346850	0.834164
1.350320	0.828929
1.353790	0.821118
1.357250	0.824244
1.360720	0.815457
1.364190	0.795649
1.367660	0.792938
1.371120	0.795694
1.374590	0.788513
1.378060	0.783119
1.381520	0.781799
1.384990	0.776892
1.388460	0.771319
1.391920	0.770686
1.395390	0.773083
1.398860	0.765477
1.402320	0.758130
1.405790	0.751039
1.409260	0.752100
1.412720	0.747051
1.416190	0.746216
1.419660	0.734097
1.423120	0.741104
1.426590	0.725308
1.430060	0.723770
1.433520	0.721432
1.436990	0.719829
1.440460	0.719420
1.443920	0.713258
1.447390	0.711530
1.450860	0.709809
1.454330	0.701365
1.457790	0.704914
1.461260	0.698706
1.464730	0.708895
1.468190	0.699932
1.471660	0.698012
1.475130	0.695438
1.478590	0.692336
1.482060	0.694868
1.485530	0.691301
1.488990	0.687051
1.492460	0.693347
1.495930	0.694696
1.499390	0.688442
1.502860	0.688865
1.506330	0.689014
1.509790	0.688184
1.513260	0.687485
1.516730	0.691404
1.520190	0.690848
1.523660	0.684832
1.527130	0.694304
1.530600	0.690345
1.534060	0.687608
1.537530	0.698464
1.541000	0.690797
1.544460	0.690550
1.547930	0.698016
1.551400	0.694387
1.554860	0.695549
1.558330	0.694488
1.561800	0.697822
1.565260	0.701709
1.568730	0.700701
1.572200	0.702463
1.575660	0.708176
1.579130	0.707354
1.582600	0.713440
1.586060	0.716273
1.589530	0.717677
1.593000	0.727840
1.596460	0.724949
1.599930	0.726295
1.603400	0.727142
1.606860	0.727037
1.610330	0.738401
1.613800	0.735395
1.617270	0.743411
1.620730	0.744749
1.624200	0.748501
1.627670	0.749552
1.631130	0.749901
1.634600	0.755139
1.638070	0.758250
1.641530	0.758648
1.645000	0.764172
1.648470	0.760883
1.651930	0.784781
1.655400	0.777216
1.658870	0.784706
1.662330	0.781437
1.665800	0.797367
1.669270	0.790596
1.672730	0.798731
1.676200	0.797987
1.679670	0.806358
1.683130	0.815268
1.686600	0.817016
1.690070	0.825365
1.693530	0.828332
1.697000	0.835196
1.700470	0.837144
1.703940	0.840798
1.707400	0.852275
1.710870	0.854677
1.714340	0.860090
1.717800	0.863853
1.721270	0.875714
1.724740	0.873983
1.728200	0.874537
1.731670	0.888417
1.735140	0.893158
1.738600	0.894832
1.742070	0.897534
1.745540	0.908942
1.749000	0.915236
1.752470	0.917197
1.755940	0.921327
1.759400	0.926488
1.762870	0.938427
1.766340	0.938793
1.769800	0.933042
1.773270	0.949188
1.776740	0.956138
1.780210	0.966461
1.783670	0.963163
1.787140	0.968040
1.790610	0.987973
1.794070	0.988253
1.797540	0.990379
1.801010	0.994315
1.804470	1.001946
1.807940	1.005338
1.811410	1.014227
1.814870	1.011467
1.818340	1.024546
1.821810	1.037490
1.825270	1.033363
1.828740	1.047866
1.832210	1.047588
1.835670	1.054320
1.839140	1.057576
1.842610	1.061324
1.846070	1.068518
1.849540	1.079142
1.853010	1.073053
1.856470	1.081789
1.859940	1.083694
1.863410	1.088578
1.866880	1.097016
1.870340	1.090462
1.873810	1.101068
1.877280	1.109645
1.880740	1.112444
1.884210	1.120195
1.887680	1.132117
1.891140	1.127211
1.894610	1.132267
1.898080	1.137998
1.901540	1.140766
1.905010	1.145542
1.908480	1.149226
1.911940	1.149190
1.915410	1.158546
1.918880	1.155666
1.922340	1.163326
1.925810	1.160184
1.929280	1.168319
1.932740	1.169229
1.936210	1.170692
1.939680	1.181244
1.943140	1.180455
1.946610	1.183333
1.950080	1.194018
1.953550	1.187479
1.957010	1.192476
1.960480	1.188837
1.963950	1.192171
1.967410	1.191082
1.970880	1.197115
1.974350	1.197451
1.977810	1.194040
1.981280	1.202783
1.984750	1.195348
1.988210	1.203646
1.991680	1.191208
1.995150	1.193138
1.998610	1.201377
2.002080	1.195747
2.005550	1.202628
2.009010	1.199177
2.012480	1.200181
2.015950	1.200042
2.019410	1.198374
2.022880	1.193046
2.026350	1.187899
2.029820	1.193956
2.033280	1.188665
2.036750	1.190893
2.040220	1.187911
2.043680	1.180396
2.047150	1.186278
2.050620	1.175711
2.054080	1.177306
2.057550	1.173050
2.061020	1.178104
2.064480	1.171677
2.067950	1.173864
2.071420	1.169691
2.074880	1.159181
2.078350	1.161378
2.081820	1.157611
2.085280	1.160892
2.088750	1.148887
2.092220	1.154705
2.095680	1.147510
2.099150	1.142643
2.102620	1.136965
2.106080	1.132478
2.109550	1.126428
2.113020	1.130570
2.116490	1.123197
2.119950	1.122856
2.123420	1.120561
2.126890	1.118713
2.130350	1.111000
2.133820	1.109103
2.137290	1.103646
2.140750	1.099963
2.144220	1.095882
2.147690	1.095011
2.151150	1.085063
2.154620	1.089319
2.158090	1.082181
2.161550	1.078885
2.165020	1.073810
2.168490	1.073497
2.171950	1.073785
2.175420	1.063989
2.178890	1.062558
2.182350	1.062103
2.185820	1.050480
2.189290	1.052496
2.192760	1.049541
2.196220	1.047711
2.199690	1.042717
2.203160	1.040934
2.206620	1.032532
2.210090	1.026416
2.213560	1.030316
2.217020	1.026846
2.220490	1.022349
2.223960	1.021501
2.227420	1.015669
2.230890	1.008568
2.234360	1.009034
2.237820	1.004543
2.241290	1.005364
2.244760	0.998187
2.248220	0.998946
2.251690	0.992200
2.255160	0.987196
2.258620	0.985568
2.262090	0.983230
2.265560	0.981118
2.269020	0.976231
2.272490	0.975593
2.275960	0.970399
2.279430	0.964504
2.282890	0.967302
2.286360	0.962054
2.289830	0.959070
2.293290	0.955462
2.296760	0.954811
2.300230	0.958161
2.303690	0.952836
2.307160	0.947795
2.310630	0.946076
2.314090	0.942751
2.317560	0.939664
2.321030	0.940946
2.324490	0.938134
2.327960	0.937993
2.331430	0.938373
2.334890	0.934419
2.338360	0.924887
2.341830	0.927328
2.345290	0.926350
2.348760	0.930075
2.352230	0.922494
2.355690	0.926347
2.359160	0.918654
2.362630	0.924625
2.366100	0.917082
2.369560	0.918549
2.373030	0.916841
2.376500	0.916380
2.379960	0.915078
2.383430	0.918053
2.386900	0.908285
2.390360	0.913858
2.393830	0.910212
2.397300	0.914171
2.400760	0.906326
2.404230	0.909068
2.407700	0.908227
2.411160	0.910420
2.414630	0.908187
2.418100	0.908732
2.421560	0.905074
2.425030	0.907909
2.428500	0.913292
2.431960	0.908324
2.435430	0.906019
2.438900	0.912321
2.442370	0.907374
2.445830	0.906019
2.449300	0.909599
2.452770	0.904324
2.456230	0.905824
2.459700	0.904348
2.463170	0.903646
2.466630	0.903176
2.470100	0.905456
2.473570	0.905651
2.477030	0.903373
2.480500	0.906729
2.483970	0.903546
2.487430	0.905364
2.490900	0.904243
2.494370	0.905537
2.497830	0.910315
2.501300	0.911625
2.504770	0.910932
2.508230	0.911822
2.511700	0.908559
2.515170	0.909589
2.518630	0.912502
2.522100	0.915542
2.525570	0.909424
2.529040	0.916396
2.532500	0.913896
2.535970	0.918538
2.539440	0.915392
2.542900	0.921871
2.546370	0.916727
2.549840	0.920224
2.553300	0.921254
2.556770	0.921815
2.560240	0.921089
2.563700	0.928671
2.567170	0.929639
2.570640	0.929739
2.574100	0.929867
2.577570	0.936645
2.581040	0.933397
2.584500	0.932186
2.587970	0.943792
2.591440	0.939433
2.594900	0.942373
2.598370	0.944651
2.601840	0.944402
2.605300	0.947651
2.608770	0.948939
2.612240	0.950527
2.615710	0.946325
2.619170	0.951548
2.622640	0.954960
2.626110	0.956559
2.629570	0.959360
2.633040	0.963263
2.636510	0.960621
2.639970	0.963089
2.643440	0.961051
2.646910	0.963601
2.650370	0.963551
2.653840	0.969624
2.657310	0.970274
2.660770	0.971770
2.664240	0.975387
2.667710	0.981586
2.671170	0.975526
2.674640	0.979094
2.678110	0.983341
2.681570	0.985080
2.685040	0.988381
2.688510	0.989986
2.691980	0.994253
2.695440	0.995032
2.698910	0.993895
2.702380	0.993343
2.705840	0.997622
2.709310	1.006137
2.712780	1.000956
2.716240	1.005869
2.719710	1.005088
2.723180	1.003929
2.726640	1.001915
2.730110	1.010111
2.733580	1.011499
2.737040	1.007763
2.740510	1.014532
2.743980	1.011935
2.747440	1.012864
2.750910	1.017586
2.754380	1.015940
2.757840	1.021094
2.761310	1.019698
2.764780	1.017764
2.768240	1.023309
2.771710	1.024630
2.775180	1.021669
2.778650	1.027902
2.782110	1.027324
2.785580	1.033216
2.789050	1.030442
2.792510	1.030926
2.795980	1.033706
2.799450	1.031782
2.802910	1.036666
2.806380	1.039001
2.809850	1.037601
2.813310	1.040765
2.816780	1.042697
2.820250	1.040924
2.823710	1.042875
2.827180	1.044605
2.830650	1.047416
2.834110	1.043411
2.837580	1.040346
2.841050	1.046155
2.844510	1.046517
2.847980	1.049007
2.851450	1.049239
2.854920	1.053008
2.858380	1.052334
2.861850	1.053243
2.865320	1.051418
2.868780	1.049684
2.872250	1.050100
2.875720	1.052377
2.879180	1.051387
2.882650	1.056017
2.886120	1.050362
2.889580	1.050033
2.893050	1.051733
2.896520	1.051218
2.899980	1.051851
2.903450	1.051231
2.906920	1.050285
2.910380	1.052988
2.913850	1.057343
2.917320	1.052854
2.920780	1.054770
2.924250	1.054930
2.927720	1.058489
2.931180	1.051836
2.934650	1.055200
2.938120	1.050471
2.941590	1.053349
2.945050	1.053245
2.948520	1.048056
2.951990	1.052420
2.955450	1.051812
2.958920	1.055058
2.962390	1.048278
2.965850	1.053384
2.969320	1.052086
2.972790	1.050274
2.976250	1.052051
2.979720	1.050678
2.983190	1.052363
2.986650	1.052838
2.990120	1.047051
2.993590	1.047923
2.997050	1.044967
3.000520	1.047260
3.003990	1.044567
3.007450	1.044261
3.010920	1.043869
3.014390	1.043345
3.017850	1.044034
3.021320	1.044731
3.024790	1.044169
3.028260	1.040676
3.031720	1.039721
3.035190	1.036914
3.038660	1.034232
3.042120	1.036005
3.045590	1.032135
3.049060	1.033269
3.052520	1.034697
3.055990	1.034908
3.059460	1.033727
3.062920	1.031488
3.066390	1.032267
3.069860	1.029350
3.073320	1.027853
3.076790	1.021870
3.080260	1.028684
3.083720	1.025079
3.087190	1.024227
3.090660	1.021837
3.094120	1.022027
3.097590	1.018997
3.101060	1.017723
3.104530	1.019800
3.107990	1.018208
3.111460	1.019286
3.114930	1.019604
3.118390	1.012397
3.121860	1.014883
3.125330	1.012110
3.128790	1.013586
3.132260	1.008072
3.135730	1.009497
3.139190	1.011893
3.142660	1.012873
3.146130	1.008378
3.149590	1.004228
3.153060	1.003303
3.156530	1.003647
3.159990	1.003617
3.163460	1.006931
3.166930	1.001842
3.170390	0.997508
3.173860	0.995428
3.177330	0.994751
3.180790	0.995815
3.184260	0.997873
3.187730	0.996328
3.191200	0.993400
3.194660	0.989170
3.198130	0.990772
3.201600	0.994371
3.205060	0.990500
3.208530	0.989703
3.212000	0.989776
3.215460	0.992469
3.218930	0.989271
3.222400	0.987261
3.225860	0.986856
3.229330	0.984555
3.232800	0.982823
3.236260	0.981489
3.239730	0.982156
3.243200	0.981307
3.246660	0.981227
3.250130	0.981268
3.253600	0.980186
3.257060	0.979956
3.260530	0.980736
3.264000	0.980087
3.267470	0.979401
3.270930	0.981978
3.274400	0.982307
3.277870	0.976567
3.281330	0.978633
3.284800	0.979331
3.288270	0.977291
3.291730	0.976739
3.295200	0.981524
3.298670	0.975896
3.302130	0.979098
3.305600	0.975560
3.309070	0.974790
3.312530	0.971035
3.316000	0.973319
3.319470	0.975273
3.322930	0.974143
3.326400	0.974657
3.329870	0.971440
3.333330	0.973166
3.336800	0.972603
3.340270	0.974125
3.343730	0.975048
3.347200	0.973667
3.350670	0.972604
3.354140	0.968932
3.357600	0.973470
3.361070	0.969675
3.364540	0.969448
3.368000	0.972316
3.371470	0.970374
3.374940	0.974550
3.378400	0.968130
3.381870	0.967358
3.385340	0.968100
3.388800	0.970140
3.392270	0.966825
3.395740	0.970853
3.399200	0.966375
3.402670	0.970396
3.406140	0.969322
3.409600	0.969349
3.413070	0.970898
3.416540	0.969377
3.420000	0.970985
3.423470	0.973368
3.426940	0.971483
3.430400	0.973035
3.433870	0.971589
3.437340	0.970520
3.440810	0.967969
3.444270	0.970956
3.447740	0.968189
3.451210	0.974535
3.454670	0.971601
3.458140	0.977125
3.461610	0.972206
3.465070	0.972432
