100 -906.274
200 -901.861
300 -899.968
400 -898.108
500 -895.725
600 -891.458
700 -879.342
800 -876.709
900 -868.238
1000 -860.988
1100 -856.453
1200 -853.991
1300 -853.435
1400 -849.861
1500 -849.358
1600 -845.12
1700 -840.358
1800 -839.963
1900 -839.64
2000 -833.912
2100 -834.787
2200 -834.1
2300 -830.995
2400 -819.836
2500 -820.677
2600 -822.01
2700 -821.201
2800 -819.409
2900 -816.515
3000 -818.516
3100 -820.61
3200 -814.902
3300 -816.727
3400 -823.279
3500 -827.259
3600 -826.215
3700 -819.877
3800 -820.503
3900 -822.063
4000 -824.851
4100 -818.831
4200 -810.723
4300 -797.864
4400 -797.1
4500 -800.268
4600 -804.471
4700 -807.231
4800 -797.826
4900 -799.953
5000 -797.905
5100 -798.89
5200 -797.927
5300 -797.406
5400 -796.703
5500 -790.635
5600 -790.971
5700 -792.343
5800 -789.644
5900 -794.438
6000 -802
6100 -799.66
6200 -804.534
6300 -812.291
6400 -813.882
6500 -816.935
6600 -811.971
6700 -822.977
6800 -820.921
6900 -814.349
7000 -812.553
7100 -815.002
7200 -820.687
7300 -823.906
7400 -826.138
7500 -821.318
7600 -823.945
7700 -829.919
7800 -832.633
7900 -830.089
8000 -824.039
8100 -823.663
8200 -823.991
8300 -820.988
8400 -820.683
8500 -823.745
8600 -828.955
8700 -830.358
8800 -835.432
8900 -838.494
9000 -833.269
9100 -832.169
9200 -831.011
9300 -830.803
9400 -832.921
9500 -832.726
9600 -827.384
9700 -823.19
9800 -827.319
9900 -826.748
10000 -823.18
10100 -826.025
10200 -826.35
10300 -827.921
10400 -828.154
10500 -831.063
10600 -829.254
10700 -825.359
10800 -819.664
10900 -822.673
11000 -823.541
11100 -827.837
11200 -826.438
11300 -825.605
11400 -825.599
11500 -824.889
11600 -814.581
11700 -820.068
11800 -826.698
11900 -837.795
12000 -838.051
12100 -839.2
12200 -846.696
12300 -844.627
12400 -841.608
12500 -838.926
12600 -832.37
12700 -840.043
12800 -838.791
12900 -842.322
13000 -843.18
13100 -846.867
13200 -845.543
13300 -844.543
13400 -838.473
13500 -839.06
13600 -832.047
13700 -839.126
13800 -837.415
13900 -834.733
14000 -822.481
14100 -822.196
14200 -817.469
14300 -817.391
14400 -822.087
14500 -814.829
14600 -821.955
14700 -829.107
14800 -836.15
14900 -835.854
15000 -840.335
15100 -844.971
15200 -840.823
15300 -830.982
15400 -826.711
15500 -829.887
15600 -833.773
15700 -838.872
15800 -837.587
15900 -838.603
16000 -836.142
16100 -836.898
16200 -831.223
16300 -830.228
16400 -835.71
16500 -837.251
16600 -840.075
16700 -836.976
16800 -836.083
16900 -829.654
17000 -836.062
17100 -838.578
17200 -834.705
17300 -824.775
17400 -826.837
17500 -831.91
17600 -836.798
17700 -837.269
17800 -833.522
17900 -825.124
18000 -829.08
18100 -827.399
18200 -826.506
18300 -829.716
18400 -823.073
18500 -822.58
18600 -826.967
18700 -823.516
18800 -824.92
18900 -829.783
19000 -833.094
19100 -830.981
19200 -837.451
19300 -837.302
19400 -835.242
19500 -832.81
19600 -837.453
19700 -835.521
19800 -833.581
19900 -836.226
20000 -837.89
20100 -840.01
20200 -842.114
20300 -842.877
20400 -840.28
20500 -841.281
20600 -838.55
20700 -840.547
20800 -835.596
20900 -838.477
21000 -839.301
21100 -837.387
21200 -835.632
21300 -833.465
21400 -827.107
21500 -833.459
21600 -830.24
21700 -825.505
21800 -825.604
21900 -823.297
22000 -824.821
22100 -819.728
22200 -825.664
22300 -824.354
22400 -821.614
22500 -820.337
22600 -819.687
22700 -824.488
22800 -826.394
22900 -830.082
23000 -835.688
23100 -840.707
23200 -838.919
23300 -838.633
23400 -841.256
23500 -845.928
23600 -844.433
23700 -839.514
23800 -841.137
23900 -840.357
24000 -833.044
24100 -824.883
24200 -820.63
24300 -824.659
24400 -822.509
24500 -825.726
24600 -821.281
24700 -818.445
24800 -821.401
24900 -818.127
25000 -815.89
25100 -818.897
25200 -817.65
25300 -816.035
25400 -814.301
25500 -818.333
25600 -820.13
25700 -816.881
25800 -811.497
25900 -817.403
26000 -815.775
26100 -817.51
26200 -819.284
26300 -816.784
26400 -817.776
26500 -823.272
26600 -823.886
26700 -830.57
26800 -832.905
26900 -834.318
27000 -834.35
27100 -827.276
27200 -820.15
27300 -825.34
27400 -825.876
27500 -827.066
27600 -819.988
27700 -822.555
27800 -821.485
27900 -821.377
28000 -824.915
28100 -825.646
28200 -821.766
28300 -822.463
28400 -822.251
28500 -831.42
28600 -826.632
28700 -827.012
28800 -824.096
28900 -818.978
29000 -822.006
29100 -821.432
29200 -823.666
29300 -827.225
29400 -825.247
29500 -822.32
29600 -817.804
29700 -811.634
29800 -814.79
29900 -812.661
30000 -802.977
30100 -802.618
30200 -797.736
30300 -803.873
30400 -807.239
30500 -810.192
30600 -801.047
30700 -801.604
30800 -803.659
30900 -802.207
31000 -809.136
31100 -814.758
31200 -815.487
31300 -817.541
31400 -822.105
31500 -825.13
31600 -826.197
31700 -830.091
31800 -829.384
31900 -824.242
32000 -822.184
32100 -815.82
32200 -810.795
32300 -803.278
32400 -804.421
32500 -805.367
32600 -805.752
32700 -805.165
32800 -815.919
32900 -826.816
33000 -824.405
33100 -818.473
33200 -824.531
33300 -831.535
33400 -830.141
33500 -821.818
33600 -821.071
33700 -826.069
33800 -819.988
33900 -821.493
34000 -828.93
34100 -831.207
34200 -829.757
34300 -831.981
34400 -831.191
34500 -826.046
34600 -830.715
34700 -823.852
34800 -825.477
34900 -829.016
35000 -827.724
35100 -822.535
35200 -820.853
35300 -820.419
35400 -819.678
35500 -820.292
35600 -818.757
35700 -813.288
35800 -815.189
35900 -820.233
36000 -820.249
36100 -818.849
36200 -820.102
36300 -824.52
36400 -823.213
36500 -826.08
36600 -827.415
36700 -826.295
36800 -820.058
36900 -820.727
37000 -821.77
37100 -813.244
37200 -809.98
37300 -805.234
37400 -813.246
37500 -811.317
37600 -814.783
37700 -814.368
37800 -816.517
37900 -815.335
38000 -816.079
38100 -799.806
38200 -800.744
38300 -807.245
38400 -804.386
38500 -807.214
38600 -808.023
38700 -813.5
38800 -815.137
38900 -812.295
39000 -812.987
39100 -817.839
39200 -821.151
39300 -822.803
39400 -814.421
39500 -816.594
39600 -810.675
39700 -815.166
39800 -820.188
39900 -816.361
40000 -821.639
40100 -819.904
40200 -822.844
40300 -818.762
40400 -827.987
40500 -826.847
40600 -823.918
40700 -823.68
40800 -824.142
40900 -827.27
41000 -823.361
41100 -828.487
41200 -829.584
41300 -824.081
41400 -824.802
41500 -820.08
41600 -825.39
41700 -825.315
41800 -833.224
41900 -839.163
42000 -832.725
42100 -827.016
42200 -822.61
42300 -821.002
42400 -817.59
42500 -816.088
42600 -820.724
42700 -821.565
42800 -814.35
42900 -814.797
43000 -814.429
43100 -817.85
43200 -825.184
43300 -822.799
43400 -817.309
43500 -818.319
43600 -818.497
43700 -816.595
43800 -822.501
43900 -825.043
44000 -813.702
44100 -803.554
44200 -811.268
44300 -806.61
44400 -802.309
44500 -812.213
44600 -809.345
44700 -819.839
44800 -816.9
44900 -818.24
45000 -820.331
45100 -823.196
45200 -821.54
45300 -819.3
45400 -825.94
45500 -827.355
45600 -834.784
45700 -831.066
45800 -842.224
45900 -839.15
46000 -837.443
46100 -833.608
46200 -834.167
46300 -831.086
46400 -837.108
46500 -842.898
46600 -844.732
46700 -839.864
46800 -833.995
46900 -834.623
47000 -831.595
47100 -837.363
47200 -835.036
47300 -833.718
47400 -830.656
47500 -830.465
47600 -832.646
47700 -830.143
47800 -830.385
47900 -830.081
48000 -826.592
48100 -826.258
48200 -824.549
48300 -825.155
48400 -822.563
48500 -824.76
48600 -824.407
48700 -820.351
48800 -819.263
48900 -820.977
49000 -824.689
49100 -832.556
49200 -827.946
49300 -828.128
49400 -825.212
49500 -826.182
49600 -830.705
49700 -832.63
49800 -831.55
49900 -830.417
50000 -822.977
50100 -816.129
50200 -816.019
50300 -817.416
50400 -819.898
50500 -816.829
50600 -815.228
50700 -810.669
50800 -809.984
50900 -809.157
51000 -812.561
51100 -808.788
51200 -813.261
51300 -826.341
51400 -830.404
51500 -829.269
51600 -831.23
51700 -836.019
51800 -835.879
51900 -836.057
52000 -839.975
52100 -836.675
52200 -834.874
52300 -837.866
52400 -836.506
52500 -836.169
52600 -833.593
52700 -836.207
52800 -844.095
52900 -841.571
53000 -837.131
53100 -839.453
53200 -841.035
53300 -840.005
53400 -840.215
53500 -832.561
53600 -831.842
53700 -835.532
53800 -836.413
53900 -836.997
54000 -832.821
54100 -831.018
54200 -828.259
54300 -829.039
54400 -824.628
54500 -830.278
54600 -824.354
54700 -818.44
54800 -816.755
54900 -820.276
55000 -829.53
55100 -833.623
55200 -832.292
55300 -835.678
55400 -827.79
55500 -821.392
55600 -815.636
55700 -817.863
55800 -821.101
55900 -824.603
56000 -821.495
56100 -823.837
56200 -827.697
56300 -832.768
56400 -831.248
56500 -828.816
56600 -819.183
56700 -821.466
56800 -822.023
56900 -826.36
57000 -826.227
57100 -822.668
57200 -827.978
57300 -825.642
57400 -826.963
57500 -828.442
57600 -827.52
57700 -824.727
57800 -823.154
57900 -815.682
58000 -822.643
58100 -825.035
58200 -825.903
58300 -816.4
58400 -818.531
58500 -818.213
58600 -812.946
58700 -814.793
58800 -815.721
58900 -817.778
59000 -822.175
59100 -823.195
59200 -826.935
59300 -824.736
59400 -830.166
59500 -828.745
59600 -819.243
59700 -819.465
59800 -816.378
59900 -816.541
60000 -827.639
60100 -822.021
60200 -823.516
60300 -828.091
60400 -827.875
60500 -827.071
60600 -827.059
60700 -827.342
60800 -827.752
60900 -824.221
61000 -819.65
61100 -820.506
61200 -811.577
61300 -815.951
61400 -820.672
61500 -824.988
61600 -826.162
61700 -827.163
61800 -827.117
61900 -826.949
62000 -826.334
62100 -822.131
62200 -813.021
62300 -816.08
62400 -818.622
62500 -815.096
62600 -817.671
62700 -815.352
62800 -814.728
62900 -814.438
63000 -815.762
63100 -824.114
63200 -823.372
63300 -826.12
63400 -822.957
63500 -817.247
63600 -822.097
63700 -821.144
63800 -821.343
63900 -823.544
64000 -820.349
64100 -821.799
64200 -819.715
64300 -821.383
64400 -826.678
64500 -823.655
64600 -822.831
64700 -823.765
64800 -822.109
64900 -823.577
65000 -827.781
65100 -826.542
65200 -824.554
65300 -819.804
65400 -819.76
65500 -818.513
65600 -813.26
65700 -815.342
65800 -820.109
65900 -811.142
66000 -810.197
66100 -815.802
66200 -820.856
66300 -824.491
66400 -821.168
66500 -817.884
66600 -815.129
66700 -818.103
66800 -815.026
66900 -812.748
67000 -823.383
67100 -825.19
67200 -816.932
67300 -818.105
67400 -823.942
67500 -821.868
67600 -819.008
67700 -816.702
67800 -820.688
67900 -824.047
68000 -825.094
68100 -816.555
68200 -814.191
68300 -817.806
68400 -817.495
68500 -809.867
68600 -799.529
68700 -809.791
68800 -816.427
68900 -820.545
69000 -818.36
69100 -813.636
69200 -822.283
69300 -823.738
69400 -821.175
69500 -822.483
69600 -820.893
69700 -818.762
69800 -820.387
69900 -823.27
70000 -825.698
70100 -824.937
70200 -821.825
70300 -823.435
70400 -833.037
70500 -832.399
70600 -831.638
70700 -827.098
70800 -834.43
70900 -829.261
71000 -829.89
71100 -823.649
71200 -822.351
71300 -834.403
71400 -828.471
71500 -831.587
71600 -830.999
71700 -825.041
71800 -821.215
71900 -825.336
72000 -822.49
72100 -827.803
72200 -826.407
72300 -828.512
72400 -826.09
72500 -828.275
72600 -826.565
72700 -827.696
72800 -831.115
72900 -834.508
73000 -832.447
73100 -825.062
73200 -831.081
73300 -824.544
73400 -823.941
73500 -815.092
73600 -813.199
73700 -814.249
73800 -812.945
73900 -813.298
74000 -813.664
74100 -817.103
74200 -810.33
74300 -818.64
74400 -817.462
74500 -811.638
74600 -803.839
74700 -805.815
74800 -806.299
74900 -803.825
75000 -806.43
75100 -802.368
75200 -809.971
75300 -808.978
75400 -811.689
75500 -809.662
75600 -814.348
75700 -804.856
75800 -806.967
75900 -807.267
76000 -805.162
76100 -807.444
76200 -807.769
76300 -805.201
76400 -808.697
76500 -818.235
76600 -819.855
76700 -820.877
76800 -823.287
76900 -813.148
77000 -808.179
77100 -807.922
77200 -811.422
77300 -810.05
77400 -812.435
77500 -809.795
77600 -810.941
77700 -812.19
77800 -814.108
77900 -816.036
78000 -823.131
78100 -827.859
78200 -825.714
78300 -827.636
78400 -827.78
78500 -831.344
78600 -829.487
78700 -829.978
78800 -831.748
78900 -843.018
79000 -839.968
79100 -832.047
79200 -837.063
79300 -841.135
79400 -842.789
79500 -838.924
79600 -840.059
79700 -837.288
79800 -848.097
79900 -838.806
80000 -838.856
80100 -836.571
80200 -839.977
80300 -839.838
80400 -843.281
80500 -843.374
80600 -841.304
80700 -837.832
80800 -838.245
80900 -832.404
81000 -836.317
81100 -839.001
81200 -843.151
81300 -834.938
81400 -837.913
81500 -842.286
81600 -841.951
81700 -843.441
81800 -840.075
81900 -842.248
82000 -839.811
82100 -838.36
82200 -837.331
82300 -829.762
82400 -828.114
82500 -830.194
82600 -829.068
82700 -823.23
82800 -821.588
82900 -821.278
83000 -819.075
83100 -818.542
83200 -827.702
83300 -829.185
83400 -830.007
83500 -833.074
83600 -834.534
83700 -834.216
83800 -833.85
83900 -837.851
84000 -836.824
84100 -828.752
84200 -829.693
84300 -831.229
84400 -825.169
84500 -826.064
84600 -815.767
84700 -808.71
84800 -809.002
84900 -818.415
85000 -818.927
85100 -817.976
85200 -817.894
85300 -820.811
85400 -823.552
85500 -824.027
85600 -821.889
85700 -823.508
85800 -824.792
85900 -819.592
86000 -824.469
86100 -823.231
86200 -828.223
86300 -824.046
86400 -815.246
86500 -817.091
86600 -819.714
86700 -817.002
86800 -816.824
86900 -819.507
87000 -819.036
87100 -818.972
87200 -818.128
87300 -818.129
87400 -819.514
87500 -818.466
87600 -816.825
87700 -811.958
87800 -816.766
87900 -809.84
88000 -807.14
88100 -811.857
88200 -818.813
88300 -823.415
88400 -820.656
88500 -817.072
88600 -821.58
88700 -823.454
88800 -825.874
88900 -823.095
89000 -831.602
89100 -829.849
89200 -829.495
89300 -833.092
89400 -838.163
89500 -833.355
89600 -835.723
89700 -834.464
89800 -837.983
89900 -834.83
90000 -843.077
90100 -846.494
90200 -849.282
90300 -839.398
90400 -840.615
90500 -836.702
90600 -839.466
90700 -844.748
90800 -843.948
90900 -843.999
91000 -841.677
91100 -837.518
91200 -839.075
91300 -844.079
91400 -838.993
91500 -828.518
91600 -830.289
91700 -830.709
91800 -838.78
91900 -841.552
92000 -841.513
92100 -835.785
92200 -837.75
92300 -839.055
92400 -841.576
92500 -841.033
92600 -848.036
92700 -854.007
92800 -850.721
92900 -852.17
93000 -852.023
93100 -850.405
93200 -851.037
93300 -845.411
93400 -851.924
93500 -850.831
93600 -853.648
93700 -850.624
93800 -851.471
93900 -848.236
94000 -849.431
94100 -844.625
94200 -851.992
94300 -849.712
94400 -846.633
94500 -845.095
94600 -844.276
94700 -848.386
94800 -849.062
94900 -842.975
95000 -846.085
95100 -841.044
95200 -838.427
95300 -843.123
95400 -844.085
95500 -837.714
95600 -837.042
95700 -842.397
95800 -842.675
95900 -838.15
96000 -829.288
96100 -828.735
96200 -827.356
96300 -833.142
96400 -839.05
96500 -835.857
96600 -844.664
96700 -851.513
96800 -851.874
96900 -854.351
97000 -854.337
97100 -852.496
97200 -849.476
97300 -849.502
97400 -843.322
97500 -841.061
97600 -836.978
97700 -837.496
97800 -837.618
97900 -841.538
98000 -839.447
98100 -842.642
98200 -831.801
98300 -834.173
98400 -837.088
98500 -833.958
98600 -838.171
98700 -833.506
98800 -835.52
98900 -832.361
99000 -836.849
99100 -832.966
99200 -827.323
99300 -821.32
99400 -830.059
99500 -829.004
99600 -831.134
99700 -822.81
99800 -818.378
99900 -822.211
100000 -820.308
