10 -2772.19
20 -2789.73
30 -2788.9
40 -2796.8
50 -2803.83
60 -2803.83
70 -2803.83
80 -2805.4
90 -2812.5
100 -2815.15
110 -2815.15
120 -2832.59
130 -2832.59
140 -2842.17
150 -2854.88
160 -2861.71
170 -2866.69
180 -2869.56
190 -2880.4
200 -2880.4
210 -2880.4
220 -2881.33
230 -2888.4
240 -2890.96
250 -2890.96
260 -2905.71
270 -2915.6
280 -2914.21
290 -2923.94
300 -2927.45
310 -2935.09
320 -2935.09
330 -2939.08
340 -2939.08
350 -2946.61
360 -2946.61
370 -2946.94
380 -2967.08
390 -2977.39
400 -2985.07
410 -2995.88
420 -3014.05
430 -3032.25
440 -3032.8
450 -3030.89
460 -3058.43
470 -3061.67
480 -3068.2
490 -3076.76
500 -3084.09
510 -3084.84
520 -3093.32
530 -3093.32
540 -3101.74
550 -3119.14
560 -3119.14
570 -3131.92
580 -3131.92
590 -3142.39
600 -3142.39
610 -3157.94
620 -3159.62
630 -3162.9
640 -3169.47
650 -3174.32
660 -3198.93
670 -3216.75
680 -3216.75
690 -3226.83
700 -3234.52
710 -3237.88
720 -3244.83
730 -3244.83
740 -3246
750 -3246
760 -3255.31
770 -3255.31
780 -3265.38
790 -3265.38
800 -3265.38
810 -3272.1
820 -3281.37
830 -3281.37
840 -3286.16
850 -3293.75
860 -3293.75
870 -3307.96
880 -3324
890 -3330.37
900 -3330.37
910 -3342.88
920 -3342.88
930 -3343.77
940 -3356.23
950 -3356.23
960 -3358.55
970 -3367.59
980 -3367.59
990 -3377.08
1000 -3381.9
1010 -3389.12
1020 -3390.1
1030 -3395.12
1040 -3400.39
1050 -3403.02
1060 -3412.63
1070 -3422.21
1080 -3427.05
1090 -3427.05
1100 -3440.6
1110 -3444.96
1120 -3450.74
1130 -3452.65
1140 -3456.67
1150 -3456.67
1160 -3456.67
1170 -3458.95
1180 -3466.87
1190 -3466.87
1200 -3476.13
1210 -3476.13
1220 -3487.21
1230 -3508.87
1240 -3509.28
1250 -3513.55
1260 -3529.6
1270 -3538.24
1280 -3569.04
1290 -3574.45
1300 -3579.03
1310 -3579.03
1320 -3587.33
1330 -3590.45
1340 -3608.15
1350 -3641.5
1360 -3651.09
1370 -3650.75
1380 -3666.41
1390 -3673.42
1400 -3678.87
1410 -3681.51
1420 -3702.01
1430 -3721.39
1440 -3732.26
1450 -3742.02
1460 -3754.69
1470 -3760.94
1480 -3779.48
1490 -3797.12
1500 -3809.13
1510 -3813.65
1520 -3818.2
1530 -3818.2
1540 -3822.25
1550 -3834.47
1560 -3842.91
1570 -3842.91
1580 -3842.91
1590 -3851.89
1600 -3853.98
1610 -3862.4
1620 -3867.37
1630 -3877.04
1640 -3893.69
1650 -3909.21
1660 -3928.67
1670 -3934.49
1680 -3950.23
1690 -3969.39
1700 -3972.84
1710 -3979.67
1720 -3983.96
1730 -3989.2
1740 -4010.2
1750 -4019.29
1760 -4019.29
1770 -4019.29
1780 -4029.28
1790 -4051.67
1800 -4055.08
1810 -4072.61
1820 -4077.53
1830 -4077.53
1840 -4092.57
1850 -4092.57
1860 -4105.88
1870 -4140.25
1880 -4155.68
1890 -4156.3
1900 -4154.9
1910 -4166.94
1920 -4174.67
1930 -4192.89
1940 -4192.85
1950 -4203.21
1960 -4213.09
1970 -4216.59
1980 -4216.59
1990 -4225.45
2000 -4234.02
2010 -4243.87
2020 -4264.35
2030 -4274.17
2040 -4295.5
2050 -4295.1
2060 -4302.26
2070 -4303.02
2080 -4315.95
2090 -4317.95
2100 -4338.07
2110 -4368.09
2120 -4378.77
2130 -4381.62
2140 -4397.68
2150 -4399.62
2160 -4424.09
2170 -4424.09
2180 -4440.28
2190 -4455.48
2200 -4471.58
2210 -4473.73
2220 -4487.2
2230 -4487.2
2240 -4519.22
2250 -4530.54
2260 -4545.34
2270 -4545.34
2280 -4547.08
2290 -4554.39
2300 -4574.07
2310 -4586.78
2320 -4602.67
2330 -4602.67
2340 -4602.67
2350 -4604.74
2360 -4613.49
2370 -4613.49
2380 -4628.2
2390 -4635.78
2400 -4635.78
2410 -4643.82
2420 -4656.9
2430 -4656.9
2440 -4661.93
2450 -4659.81
2460 -4668.52
2470 -4677.96
2480 -4694.38
2490 -4736.86
2500 -4741.68
2510 -4741.68
2520 -4748.66
2530 -4762.29
2540 -4762.29
2550 -4762.29
2560 -4778.17
2570 -4789.22
2580 -4790.28
2590 -4803.08
2600 -4811.94
2610 -4831.01
2620 -4832.61
2630 -4846.99
2640 -4855.05
2650 -4864.39
2660 -4872.63
2670 -4879.92
2680 -4893.09
2690 -4902.55
2700 -4904.26
2710 -4921.28
2720 -4951.16
2730 -4962.45
2740 -4966.55
2750 -4966.59
2760 -4966.59
2770 -4982.46
2780 -4982.46
2790 -4987.22
2800 -5010.05
2810 -5013.04
2820 -5016.24
2830 -5023.41
2840 -5054.51
2850 -5074.98
2860 -5090.87
2870 -5090.87
2880 -5096.06
2890 -5109.54
2900 -5125.45
2910 -5125.45
2920 -5134.03
2930 -5156.87
2940 -5164.27
2950 -5170.59
2960 -5187.39
2970 -5203.5
2980 -5219.87
2990 -5241.87
3000 -5251.92
3010 -5251.92
3020 -5261.84
3030 -5270.26
3040 -5288.05
3050 -5287.16
3060 -5298.63
3070 -5319.34
3080 -5330.93
3090 -5344.31
3100 -5352.04
3110 -5352.04
3120 -5356.62
3130 -5360.83
3140 -5367.64
3150 -5367.93
3160 -5378.43
3170 -5403.79
3180 -5412.12
3190 -5432.78
3200 -5441.6
3210 -5453.55
3220 -5456.24
3230 -5475.98
3240 -5480.24
3250 -5489.35
3260 -5498.34
3270 -5512.9
3280 -5514.88
3290 -5538.85
3300 -5538.85
3310 -5539.09
3320 -5546.43
3330 -5555.1
3340 -5574.13
3350 -5592.01
3360 -5603.1
3370 -5610.86
3380 -5626.9
3390 -5634.98
3400 -5634.98
3410 -5648.61
3420 -5668.51
3430 -5677.42
3440 -5688.03
3450 -5703.43
3460 -5703.43
3470 -5711.77
3480 -5711.77
3490 -5727.93
3500 -5747.6
3510 -5757.61
3520 -5780.71
3530 -5781.95
3540 -5794.26
3550 -5795.57
3560 -5823.95
3570 -5823.95
3580 -5841.76
3590 -5865.26
3600 -5871.75
3610 -5871.75
3620 -5871.75
3630 -5871.75
3640 -5894.35
3650 -5894.8
3660 -5894.8
3670 -5920.91
3680 -5922.1
3690 -5924.49
3700 -5926.09
3710 -5970.64
3720 -5970.64
3730 -5974.55
3740 -5979.08
3750 -5992.75
3760 -6017.06
3770 -6017.06
3780 -6022.77
3790 -6035.64
3800 -6059.08
3810 -6073.52
3820 -6091.17
3830 -6122.46
3840 -6125.72
3850 -6145.06
3860 -6169.89
3870 -6184.77
3880 -6188.03
3890 -6194.26
3900 -6211.66
3910 -6218.62
3920 -6218.62
3930 -6231.23
3940 -6242.73
3950 -6246.86
3960 -6251.31
3970 -6270.05
3980 -6275.68
3990 -6297.84
4000 -6318.19
4010 -6328.41
4020 -6338.48
4030 -6343.79
4040 -6344.91
4050 -6359.35
4060 -6375.86
4070 -6386.85
4080 -6400.52
4090 -6400.52
4100 -6400.52
4110 -6407.94
4120 -6407.94
4130 -6416.63
4140 -6424.73
4150 -6429.15
4160 -6443.44
4170 -6452.72
4180 -6469.43
4190 -6501.8
4200 -6514.68
4210 -6516
4220 -6530.27
4230 -6530.27
4240 -6546.01
4250 -6548.15
4260 -6550
4270 -6557.39
4280 -6567.51
4290 -6580.77
4300 -6594.16
4310 -6594.16
4320 -6593.52
4330 -6614.85
4340 -6627.25
4350 -6643.18
4360 -6653.37
4370 -6674.41
4380 -6682.47
4390 -6688.65
4400 -6710.67
4410 -6710.67
4420 -6712.52
4430 -6718.66
4440 -6731.78
4450 -6739.54
4460 -6759.79
4470 -6798.8
4480 -6805.33
4490 -6805.42
4500 -6814.4
4510 -6818.45
4520 -6840.05
4530 -6840.59
4540 -6858.22
4550 -6864.42
4560 -6873.35
4570 -6901.33
4580 -6912.25
4590 -6934.05
4600 -6945.7
4610 -6952.11
4620 -6963.94
4630 -6975.1
4640 -6990.25
4650 -6995.26
4660 -7031.29
4670 -7044.65
4680 -7048.65
4690 -7065.66
4700 -7075.86
4710 -7092.92
4720 -7108.48
4730 -7108.48
4740 -7108.48
4750 -7116.31
4760 -7118.34
4770 -7118.34
4780 -7150.83
4790 -7171.52
4800 -7176.77
4810 -7186.19
4820 -7194.01
4830 -7207.11
4840 -7207.11
4850 -7223.61
4860 -7248.3
4870 -7263.01
4880 -7265.27
4890 -7263.68
4900 -7274.87
4910 -7286.78
4920 -7286.78
4930 -7293.65
4940 -7302.49
4950 -7304.07
4960 -7325
4970 -7331.08
4980 -7364.29
4990 -7381.25
5000 -7381.25
5010 -7380.19
5020 -7383.52
5030 -7383.52
5040 -7392.91
5050 -7412.07
5060 -7431.44
5070 -7455.97
5080 -7481.01
5090 -7513.73
5100 -7521.42
5110 -7538.93
5120 -7539.24
5130 -7540.97
5140 -7553.25
5150 -7557.2
5160 -7579.11
5170 -7605.45
5180 -7637.05
5190 -7640.21
5200 -7658.4
5210 -7673.93
5220 -7674.9
5230 -7676.58
5240 -7697.17
5250 -7723.65
5260 -7723.65
5270 -7723.65
5280 -7733.01
5290 -7736.84
5300 -7736.84
5310 -7746.96
5320 -7756.25
5330 -7764.34
5340 -7771.35
5350 -7777.85
5360 -7778.66
5370 -7793.97
5380 -7793.24
5390 -7817.75
5400 -7828
5410 -7832.22
5420 -7842.88
5430 -7859.79
5440 -7870.84
5450 -7879.61
5460 -7893.72
5470 -7897.77
5480 -7900.59
5490 -7902.63
5500 -7913.76
5510 -7925.61
5520 -7955.22
5530 -7971.42
5540 -7983.97
5550 -7986.11
5560 -8006.33
5570 -8022.02
5580 -8020.53
5590 -8029.82
5600 -8037.47
5610 -8037.47
5620 -8037.47
5630 -8044.48
5640 -8051.59
5650 -8065.59
5660 -8070.06
5670 -8078.4
5680 -8101.19
5690 -8116.92
5700 -8117.08
5710 -8129.32
5720 -8129.32
5730 -8129.87
5740 -8138.33
5750 -8149.54
5760 -8156.17
5770 -8156.17
5780 -8160.42
5790 -8177.06
5800 -8175.82
5810 -8190.65
5820 -8214.97
5830 -8214.97
5840 -8219.87
5850 -8238.61
5860 -8238.61
5870 -8257.52
5880 -8277.89
5890 -8302.44
5900 -8309.78
5910 -8319.19
5920 -8341.67
5930 -8352.41
5940 -8360.44
5950 -8370.72
5960 -8390.63
5970 -8400.02
5980 -8409.7
5990 -8419.53
6000 -8439.42
6010 -8460.16
6020 -8460.16
6030 -8471.86
6040 -8486.7
6050 -8487.22
6060 -8495.26
6070 -8509.13
6080 -8515.13
6090 -8523.79
6100 -8533.33
6110 -8533.33
6120 -8548.06
6130 -8562.17
6140 -8594.01
6150 -8599.54
6160 -8608.16
6170 -8619.15
6180 -8624.66
6190 -8632.42
6200 -8638.94
6210 -8638.94
6220 -8652.22
6230 -8657.86
6240 -8674.1
6250 -8683.83
6260 -8692.84
6270 -8703.72
6280 -8706.37
6290 -8706.37
6300 -8722.11
6310 -8722.11
6320 -8739.5
6330 -8763.62
6340 -8776.09
6350 -8788.08
6360 -8791.8
6370 -8793.33
6380 -8815.98
6390 -8825.26
6400 -8835.3
6410 -8835.3
6420 -8835.3
6430 -8839.84
6440 -8847.93
6450 -8854.44
6460 -8862.98
6470 -8865.33
6480 -8881.08
6490 -8890.29
6500 -8905.28
6510 -8905.28
6520 -8921.43
6530 -8936.91
6540 -8943.74
6550 -8947.14
6560 -8953.77
6570 -8953.82
6580 -8961.26
6590 -8970.22
6600 -8994.84
6610 -8997.02
6620 -9023.35
6630 -9028.05
6640 -9039.59
6650 -9046.91
6660 -9046.91
6670 -9065.69
6680 -9089.81
6690 -9106.51
6700 -9120.36
6710 -9134.22
6720 -9148.79
6730 -9155.2
6740 -9157.09
6750 -9171.32
6760 -9171.32
6770 -9171.32
6780 -9171.32
6790 -9178.93
6800 -9178.93
6810 -9178.93
6820 -9184.17
6830 -9189.71
6840 -9189.71
6850 -9212.67
6860 -9235.62
6870 -9251.3
6880 -9260.9
6890 -9264.66
6900 -9264.66
6910 -9269.97
6920 -9290.69
6930 -9296.92
6940 -9296.92
6950 -9305.2
6960 -9313.31
6970 -9327.99
6980 -9339.37
6990 -9339.37
7000 -9342.38
7010 -9355.72
7020 -9365.78
7030 -9370.73
7040 -9377.87
7050 -9379.24
7060 -9396.42
7070 -9420.95
7080 -9429.95
7090 -9446.29
7100 -9463.66
7110 -9472.62
7120 -9497.1
7130 -9510.81
7140 -9513.02
7150 -9513.02
7160 -9519.17
7170 -9542.35
7180 -9546.66
7190 -9580.42
7200 -9595.73
7210 -9612.9
7220 -9634.95
7230 -9655.92
7240 -9665.03
7250 -9665.35
7260 -9677
7270 -9679.93
7280 -9679.93
7290 -9694.38
7300 -9701.32
7310 -9711.46
7320 -9722.73
7330 -9731.15
7340 -9746.28
7350 -9749.03
7360 -9761.2
7370 -9776.39
7380 -9782.47
7390 -9793.61
7400 -9795.94
7410 -9801.66
7420 -9801.66
7430 -9805.17
7440 -9805.17
7450 -9805.17
7460 -9807.19
7470 -9807.19
7480 -9820.81
7490 -9849.5
7500 -9868.71
7510 -9875.97
7520 -9877.96
7530 -9885.01
7540 -9889.01
7550 -9897.15
7560 -9899.73
7570 -9907.38
7580 -9910.86
7590 -9936.39
7600 -9955.63
7610 -9970.32
7620 -9970.32
7630 -9981.94
7640 -9981.94
7650 -9981.94
7660 -10002.6
7670 -10009.9
7680 -10023.4
7690 -10031.8
7700 -10040.9
7710 -10059.9
7720 -10071.4
7730 -10081.9
7740 -10090.9
7750 -10106.8
7760 -10121.9
7770 -10121.9
7780 -10135.8
7790 -10135.8
7800 -10145.9
7810 -10145.9
7820 -10160.4
7830 -10176.8
7840 -10180.2
7850 -10180.2
7860 -10196.3
7870 -10214.4
7880 -10221.7
7890 -10228.2
7900 -10242.2
7910 -10250.9
7920 -10251.6
7930 -10272.8
7940 -10285.2
7950 -10300.5
7960 -10306.7
7970 -10324.7
7980 -10333.6
7990 -10339.4
8000 -10351.9
8010 -10365.2
8020 -10365.2
8030 -10372.4
8040 -10406.4
8050 -10412.8
8060 -10431.2
8070 -10441.4
8080 -10458.4
8090 -10464.5
8100 -10471.2
8110 -10490.7
8120 -10507.2
8130 -10507.2
8140 -10506.1
8150 -10516.8
8160 -10548.3
8170 -10565.7
8180 -10573.9
8190 -10585.4
8200 -10596.2
8210 -10596.5
8220 -10596.8
8230 -10615.4
8240 -10628.6
8250 -10639.3
8260 -10649.9
8270 -10672.8
8280 -10672.8
8290 -10679.7
8300 -10698.1
8310 -10698.1
8320 -10711.5
8330 -10718.7
8340 -10731
8350 -10738
8360 -10742.8
8370 -10761.8
8380 -10761.8
8390 -10763
8400 -10779.7
8410 -10799.7
8420 -10806.7
8430 -10826.1
8440 -10852.1
8450 -10870.7
8460 -10870.7
8470 -10872.2
8480 -10876.8
8490 -10908.4
8500 -10916.9
8510 -10928.4
8520 -10940.5
8530 -10953.4
8540 -10965.3
8550 -10979.2
8560 -11013.6
8570 -11017.4
8580 -11028.6
8590 -11040.6
8600 -11057.6
8610 -11070.4
8620 -11087.3
8630 -11096.6
8640 -11113.8
8650 -11113.8
8660 -11120.5
8670 -11140.3
8680 -11150.9
8690 -11169.7
8700 -11216.5
8710 -11240.2
8720 -11252.6
8730 -11275.1
8740 -11301.2
8750 -11316.4
8760 -11316.5
8770 -11342.6
8780 -11357.7
8790 -11368.3
8800 -11385.7
8810 -11389.9
8820 -11403.4
8830 -11410.9
8840 -11421.5
8850 -11450.9
8860 -11462.6
8870 -11486.3
8880 -11505.5
8890 -11514
8900 -11520.2
8910 -11526
8920 -11526
8930 -11528.4
8940 -11529.5
8950 -11537.9
8960 -11543.9
8970 -11553.2
8980 -11577.9
8990 -11581.8
9000 -11588.3
9010 -11603
9020 -11613.6
9030 -11613.6
9040 -11620.1
9050 -11630.5
9060 -11630.5
9070 -11644.7
9080 -11652.3
9090 -11662.5
9100 -11662.5
9110 -11679.7
9120 -11688.8
9130 -11704
9140 -11714.5
9150 -11721.3
9160 -11742.4
9170 -11760.4
9180 -11761.1
9190 -11776.7
9200 -11788.4
9210 -11807.1
9220 -11819.5
9230 -11832.6
9240 -11834.5
9250 -11840.7
9260 -11851.9
9270 -11869
9280 -11885.4
9290 -11889.7
9300 -11898.1
9310 -11925.9
9320 -11925.9
9330 -11952.7
9340 -11952.7
9350 -11977.2
9360 -11993.1
9370 -12013.5
9380 -12018.4
9390 -12024.3
9400 -12024.3
9410 -12024
9420 -12030.2
9430 -12035.3
9440 -12035.3
9450 -12043.3
9460 -12055.2
9470 -12070.2
9480 -12070.2
9490 -12082.8
9500 -12094.1
9510 -12094.1
9520 -12099.1
9530 -12101.6
9540 -12113
9550 -12124.8
9560 -12136.5
9570 -12140.5
9580 -12144.4
9590 -12145
9600 -12173.8
9610 -12183.3
9620 -12183.5
9630 -12186.6
9640 -12188.7
9650 -12202.5
9660 -12211
9670 -12227.5
9680 -12238.4
9690 -12245.1
9700 -12254.4
9710 -12255.3
9720 -12269.9
9730 -12275.4
9740 -12279.8
9750 -12279.8
9760 -12279.8
9770 -12279.8
9780 -12279.8
9790 -12293
9800 -12304.4
9810 -12311.8
9820 -12322.6
9830 -12324.2
9840 -12334.1
9850 -12343.8
9860 -12354.2
9870 -12354.2
9880 -12373.8
9890 -12399.6
9900 -12409.6
9910 -12431.4
9920 -12431.2
9930 -12442.1
9940 -12444.1
9950 -12450.5
9960 -12451.1
9970 -12473.2
9980 -12488.5
9990 -12488.5
10000 -12494.7
