# Average Pressure: -65.121148025
# Average Potential Energy per Particle: -5.361455865
# r	g(r)
0.001733	0.000000
0.005200	0.000000
0.008667	0.000000
0.012134	0.000000
0.015601	0.000000
0.019067	0.000000
0.022534	0.000000
0.026001	0.000000
0.029468	0.000000
0.032935	0.000000
0.036402	0.000000
0.039868	0.000000
0.043335	0.000000
0.046802	0.000000
0.050269	0.000000
0.053735	0.000000
0.057202	0.000000
0.060669	0.000000
0.064136	0.000000
0.067603	0.000000
0.071069	0.000000
0.074536	0.000000
0.078003	0.000000
0.081470	0.000000
0.084937	0.000000
0.088404	0.000000
0.091870	0.000000
0.095337	0.000000
0.098804	0.000000
0.102271	0.000000
0.105738	0.000000
0.109204	0.000000
0.112671	0.000000
0.116138	0.000000
0.119605	0.000000
0.123072	0.000000
0.126538	0.000000
0.130005	0.000000
0.133472	0.000000
0.136939	0.000000
0.140406	0.000000
0.143872	0.000000
0.147339	0.000000
0.150806	0.000000
0.154273	0.000000
0.157740	0.000000
0.161206	0.000000
0.164673	0.000000
0.168140	0.000000
0.171607	0.000000
0.175074	0.000000
0.178541	0.000000
0.182007	0.000000
0.185474	0.000000
0.188941	0.000000
0.192408	0.000000
0.195875	0.000000
0.199341	0.000000
0.202808	0.000000
0.206275	0.000000
0.209742	0.000000
0.213209	0.000000
0.216675	0.000000
0.220142	0.000000
0.223609	0.000000
0.227076	0.000000
0.230543	0.000000
0.234009	0.000000
0.237476	0.000000
0.240943	0.000000
0.244410	0.000000
0.247877	0.000000
0.251343	0.000000
0.254810	0.000000
0.258277	0.000000
0.261744	0.000000
0.265211	0.000000
0.268677	0.000000
0.272144	0.000000
0.275611	0.000000
0.279078	0.000000
0.282545	0.000000
0.286012	0.000000
0.289478	0.000000
0.292945	0.000000
0.296412	0.000000
0.299879	0.000000
0.303346	0.000000
0.306812	0.000000
0.310279	0.000000
0.313746	0.000000
0.317213	0.000000
0.320680	0.000000
0.324146	0.000000
0.327613	0.000000
0.331080	0.000000
0.334547	0.000000
0.338014	0.000000
0.341480	0.000000
0.344947	0.000000
0.348414	0.000000
0.351881	0.000000
0.355348	0.000000
0.358814	0.000000
0.362281	0.000000
0.365748	0.000000
0.369215	0.000000
0.372682	0.000000
0.376148	0.000000
0.379615	0.000000
0.383082	0.000000
0.386549	0.000000
0.390016	0.000000
0.393483	0.000000
0.396949	0.000000
0.400416	0.000000
0.403883	0.000000
0.407350	0.000000
0.410817	0.000000
0.414283	0.000000
0.417750	0.000000
0.421217	0.000000
0.424684	0.000000
0.428151	0.000000
0.431617	0.000000
0.435084	0.000000
0.438551	0.000000
0.442018	0.000000
0.445485	0.000000
0.448951	0.000000
0.452418	0.000000
0.455885	0.000000
0.459352	0.000000
0.462819	0.000000
0.466285	0.000000
0.469752	0.000000
0.473219	0.000000
0.476686	0.000000
0.480153	0.000000
0.483619	0.000000
0.487086	0.000000
0.490553	0.000000
0.494020	0.000000
0.497487	0.000000
0.500954	0.000000
0.504420	0.000000
0.507887	0.000000
0.511354	0.000000
0.514821	0.000000
0.518288	0.000000
0.521754	0.000000
0.525221	0.000000
0.528688	0.000000
0.532155	0.000000
0.535622	0.000000
0.539088	0.000000
0.542555	0.000000
0.546022	0.000000
0.549489	0.000000
0.552956	0.000000
0.556422	0.000000
0.559889	0.000000
0.563356	0.000000
0.566823	0.000000
0.570290	0.000000
0.573756	0.000000
0.577223	0.000000
0.580690	0.000000
0.584157	0.000000
0.587624	0.000000
0.591090	0.000000
0.594557	0.000000
0.598024	0.000000
0.601491	0.000000
0.604958	0.000000
0.608425	0.000000
0.611891	0.000000
0.615358	0.000000
0.618825	0.000000
0.622292	0.000000
0.625759	0.000000
0.629225	0.000000
0.632692	0.000000
0.636159	0.000000
0.639626	0.000000
0.643093	0.000000
0.646559	0.000000
0.650026	0.000000
0.653493	0.000000
0.656960	0.000000
0.660427	0.000000
0.663893	0.000000
0.667360	0.000000
0.670827	0.000000
0.674294	0.000000
0.677761	0.000000
0.681227	0.000000
0.684694	0.000000
0.688161	0.000000
0.691628	0.000000
0.695095	0.000000
0.698561	0.000000
0.702028	0.000000
0.705495	0.000000
0.708962	0.000000
0.712429	0.000000
0.715896	0.000000
0.719362	0.000000
0.722829	0.000000
0.726296	0.000000
0.729763	0.000000
0.733230	0.000000
0.736696	0.000000
0.740163	0.000000
0.743630	0.000000
0.747097	0.000000
0.750564	0.000000
0.754030	0.000000
0.757497	0.000000
0.760964	0.000000
0.764431	0.000000
0.767898	0.000000
0.771364	0.000000
0.774831	0.000000
0.778298	0.000000
0.781765	0.000000
0.785232	0.000000
0.788698	0.000000
0.792165	0.000000
0.795632	0.000000
0.799099	0.000000
0.802566	0.000000
0.806032	0.000000
0.809499	0.000000
0.812966	0.000000
0.816433	0.000000
0.819900	0.000000
0.823367	0.000063
0.826833	0.000000
0.830300	0.000000
0.833767	0.000000
0.837234	0.000000
0.840701	0.000000
0.844167	0.000119
0.847634	0.000118
0.851101	0.000117
0.854568	0.000116
0.858035	0.000289
0.861501	0.000745
0.864968	0.000966
0.868435	0.001578
0.871902	0.002404
0.875369	0.004050
0.878835	0.006439
0.882302	0.009501
0.885769	0.012515
0.889236	0.020750
0.892703	0.027417
0.896169	0.038002
0.899636	0.048529
0.903103	0.061343
0.906570	0.085753
0.910037	0.106761
0.913503	0.135344
0.916970	0.173249
0.920437	0.214042
0.923904	0.259647
0.927371	0.309410
0.930838	0.360240
0.934304	0.430518
0.937771	0.504388
0.941238	0.590020
0.944705	0.652378
0.948172	0.739580
0.951638	0.837323
0.955105	0.932465
0.958572	1.041663
0.962039	1.111053
0.965506	1.236148
0.968972	1.335974
0.972439	1.431156
0.975906	1.537321
0.979373	1.660514
0.982840	1.736743
0.986306	1.848520
0.989773	1.934610
0.993240	2.010450
0.996707	2.081339
1.000170	2.194627
1.003640	2.237432
1.007110	2.329302
1.010570	2.382524
1.014040	2.424838
1.017510	2.473540
1.020970	2.551461
1.024440	2.581205
1.027910	2.619824
1.031370	2.647997
1.034840	2.664858
1.038310	2.690108
1.041780	2.698280
1.045240	2.707725
1.048710	2.707050
1.052180	2.722800
1.055640	2.699452
1.059110	2.705494
1.062580	2.696490
1.066040	2.675763
1.069510	2.670671
1.072980	2.655434
1.076440	2.632965
1.079910	2.600815
1.083380	2.562394
1.086840	2.539956
1.090310	2.523827
1.093780	2.489166
1.097240	2.462093
1.100710	2.421066
1.104180	2.386431
1.107640	2.345359
1.111110	2.313944
1.114580	2.261864
1.118050	2.266018
1.121510	2.199478
1.124980	2.171633
1.128450	2.138883
1.131910	2.103009
1.135380	2.067664
1.138850	2.048769
1.142310	1.990550
1.145780	1.952814
1.149250	1.924185
1.152710	1.890683
1.156180	1.874147
1.159650	1.842665
1.163110	1.792326
1.166580	1.770850
1.170050	1.739505
1.173510	1.710939
1.176980	1.681117
1.180450	1.633705
1.183910	1.616082
1.187380	1.580219
1.190850	1.542494
1.194310	1.524791
1.197780	1.501430
1.201250	1.473245
1.204720	1.439620
1.208180	1.418528
1.211650	1.396494
1.215120	1.380160
1.218580	1.337939
1.222050	1.321164
1.225520	1.301105
1.228980	1.274271
1.232450	1.247104
1.235920	1.232965
1.239380	1.217166
1.242850	1.191233
1.246320	1.181276
1.249780	1.153668
1.253250	1.141583
1.256720	1.122482
1.260180	1.103627
1.263650	1.086532
1.267120	1.067411
1.270580	1.052141
1.274050	1.043937
1.277520	1.029707
1.280980	1.014195
1.284450	1.003934
1.287920	0.986903
1.291390	0.972766
1.294850	0.960060
1.298320	0.947374
1.301790	0.943364
1.305250	0.921044
1.308720	0.915228
1.312190	0.900351
1.315650	0.899025
1.319120	0.878598
1.322590	0.874216
1.326050	0.863294
1.329520	0.850718
1.332990	0.852422
1.336450	0.832537
1.339920	0.824493
1.343390	0.812823
1.346850	0.811129
1.350320	0.798763
1.353790	0.788090
1.357250	0.786493
1.360720	0.778449
1.364190	0.775754
1.367660	0.770622
1.371120	0.756554
1.374590	0.757378
1.378060	0.751871
1.381520	0.750797
1.384990	0.739885
1.388460	0.731388
1.391920	0.732401
1.395390	0.721365
1.398860	0.715275
1.402320	0.711677
1.405790	0.698707
1.409260	0.698120
1.412720	0.697659
1.416190	0.690411
1.419660	0.688751
1.423120	0.686345
1.426590	0.673697
1.430060	0.672513
1.433520	0.667444
1.436990	0.669106
1.440460	0.667201
1.443920	0.657477
1.447390	0.662650
1.450860	0.660900
1.454330	0.653151
1.457790	0.650528
1.461260	0.656503
1.464730	0.643452
1.468190	0.638958
1.471660	0.646393
1.475130	0.647129
1.478590	0.639373
1.482060	0.637778
1.485530	0.637887
1.488990	0.631354
1.492460	0.629722
1.495930	0.635658
1.499390	0.629451
1.502860	0.631952
1.506330	0.628147
1.509790	0.634385
1.513260	0.636456
1.516730	0.624311
1.520190	0.630388
1.523660	0.632100
1.527130	0.627082
1.530600	0.627329
1.534060	0.631849
1.537530	0.631682
1.541000	0.628503
1.544460	0.634006
1.547930	0.637432
1.551400	0.631566
1.554860	0.633289
1.558330	0.639455
1.561800	0.643380
1.565260	0.640898
1.568730	0.642974
1.572200	0.642119
1.575660	0.647292
1.579130	0.646277
1.582600	0.649779
1.586060	0.650288
1.589530	0.653847
1.593000	0.661005
1.596460	0.661239
1.599930	0.663309
1.603400	0.671554
1.606860	0.667507
1.610330	0.669915
1.613800	0.670304
1.617270	0.675933
1.620730	0.675844
1.624200	0.679713
1.627670	0.685806
1.631130	0.682814
1.634600	0.693523
1.638070	0.706147
1.641530	0.707932
1.645000	0.701306
1.648470	0.705774
1.651930	0.716897
1.655400	0.724523
1.658870	0.728078
1.662330	0.728444
1.665800	0.739110
1.669270	0.740437
1.672730	0.744389
1.676200	0.754778
1.679670	0.759274
1.683130	0.767148
1.686600	0.775504
1.690070	0.771805
1.693530	0.786285
1.697000	0.783238
1.700470	0.788177
1.703940	0.807637
1.707400	0.805235
1.710870	0.814174
1.714340	0.818854
1.717800	0.821185
1.721270	0.828124
1.724740	0.836858
1.728200	0.846783
1.731670	0.849109
1.735140	0.855136
1.738600	0.859254
1.742070	0.868610
1.745540	0.874064
1.749000	0.879690
1.752470	0.886830
1.755940	0.899572
1.759400	0.899381
1.762870	0.901551
1.766340	0.915046
1.769800	0.919390
1.773270	0.929681
1.776740	0.939980
1.780210	0.931574
1.783670	0.951565
1.787140	0.962636
1.790610	0.961445
1.794070	0.964561
1.797540	0.977394
1.801010	0.987029
1.804470	0.989230
1.807940	0.996742
1.811410	0.999523
1.814870	1.009363
1.818340	1.022554
1.821810	1.026565
1.825270	1.027545
1.828740	1.034063
1.832210	1.038471
1.835670	1.048190
1.839140	1.052511
1.842610	1.056266
1.846070	1.065425
1.849540	1.074694
1.853010	1.078958
1.856470	1.077793
1.859940	1.090243
1.863410	1.097209
1.866880	1.095980
1.870340	1.100864
1.873810	1.112944
1.877280	1.119355
1.880740	1.132957
1.884210	1.131271
1.887680	1.136770
1.891140	1.139001
1.894610	1.145352
1.898080	1.143590
1.901540	1.147760
1.905010	1.163592
1.908480	1.160944
1.911940	1.163761
1.915410	1.170190
1.918880	1.179528
1.922340	1.183744
1.925810	1.179806
1.929280	1.187927
1.932740	1.196949
1.936210	1.200037
1.939680	1.202597
1.943140	1.198502
1.946610	1.207743
1.950080	1.206213
1.953550	1.209500
1.957010	1.217226
1.960480	1.221298
1.963950	1.219017
1.967410	1.228299
1.970880	1.231674
1.974350	1.238835
1.977810	1.232389
1.981280	1.239070
1.984750	1.243842
1.988210	1.246165
1.991680	1.245184
1.995150	1.246755
1.998610	1.246540
2.002080	1.244084
2.005550	1.250397
2.009010	1.248034
2.012480	1.250287
2.015950	1.244578
2.019410	1.253369
2.022880	1.254833
2.026350	1.257798
2.029820	1.250586
2.033280	1.248351
2.036750	1.242343
2.040220	1.241484
2.043680	1.244209
2.047150	1.246264
2.050620	1.243571
2.054080	1.236414
2.057550	1.234520
2.061020	1.233653
2.064480	1.235278
2.067950	1.238981
2.071420	1.229082
2.074880	1.229353
2.078350	1.223336
2.081820	1.219667
2.085280	1.213171
2.088750	1.211807
2.092220	1.213553
2.095680	1.212503
2.099150	1.200900
2.102620	1.195645
2.106080	1.196044
2.109550	1.194971
2.113020	1.186693
2.116490	1.184745
2.119950	1.185555
2.123420	1.181444
2.126890	1.175094
2.130350	1.169202
2.133820	1.163315
2.137290	1.162736
2.140750	1.161283
2.144220	1.148941
2.147690	1.146425
2.151150	1.144606
2.154620	1.137995
2.158090	1.135675
2.161550	1.125120
2.165020	1.124567
2.168490	1.119446
2.171950	1.119056
2.175420	1.112385
2.178890	1.102983
2.182350	1.100079
2.185820	1.091023
2.189290	1.089212
2.192760	1.084797
2.196220	1.077772
2.199690	1.073966
2.203160	1.069667
2.206620	1.073414
2.210090	1.068380
2.213560	1.055136
2.217020	1.048804
2.220490	1.044626
2.223960	1.046588
2.227420	1.032950
2.230890	1.031398
2.234360	1.027119
2.237820	1.017174
2.241290	1.017786
2.244760	1.008808
2.248220	1.010871
2.251690	0.999905
2.255160	0.997393
2.258620	1.001358
2.262090	0.994195
2.265560	0.982989
2.269020	0.977238
2.272490	0.972136
2.275960	0.976611
2.279430	0.968669
2.282890	0.961756
2.286360	0.965811
2.289830	0.956054
2.293290	0.957855
2.296760	0.953248
2.300230	0.950955
2.303690	0.942872
2.307160	0.937694
2.310630	0.937008
2.314090	0.934869
2.317560	0.930199
2.321030	0.926514
2.324490	0.920008
2.327960	0.920596
2.331430	0.922364
2.334890	0.915729
2.338360	0.911158
2.341830	0.906656
2.345290	0.909225
2.348760	0.905002
2.352230	0.907521
2.355690	0.900012
2.359160	0.896772
2.362630	0.895559
2.366100	0.895867
2.369560	0.896919
2.373030	0.889666
2.376500	0.886651
2.379960	0.889052
2.383430	0.888437
2.386900	0.884156
2.390360	0.882308
2.393830	0.879865
2.397300	0.878417
2.400760	0.880410
2.404230	0.877615
2.407700	0.873433
2.411160	0.873716
2.414630	0.873330
2.418100	0.873721
2.421560	0.873730
2.425030	0.872238
2.428500	0.873880
2.431960	0.875709
2.435430	0.872752
2.438900	0.869093
2.442370	0.873832
2.445830	0.862432
2.449300	0.868162
2.452770	0.863392
2.456230	0.866445
2.459700	0.870061
2.463170	0.866401
2.466630	0.866078
2.470100	0.866811
2.473570	0.864272
2.477030	0.870279
2.480500	0.864870
2.483970	0.865765
2.487430	0.862096
2.490900	0.869138
2.494370	0.868104
2.497830	0.863966
2.501300	0.871777
2.504770	0.870253
2.508230	0.869620
2.511700	0.869498
2.515170	0.871766
2.518630	0.872530
2.522100	0.870027
2.525570	0.872545
2.529040	0.879379
2.532500	0.876025
2.535970	0.880704
2.539440	0.879448
2.542900	0.885992
2.546370	0.882387
2.549840	0.883023
2.553300	0.887571
2.556770	0.884295
2.560240	0.892471
2.563700	0.889595
2.567170	0.897576
2.570640	0.894482
2.574100	0.895340
2.577570	0.896631
2.581040	0.896688
2.584500	0.901735
2.587970	0.903447
2.591440	0.905613
2.594900	0.910651
2.598370	0.907372
2.601840	0.908968
2.605300	0.912975
2.608770	0.917422
2.612240	0.913680
2.615710	0.918249
2.619170	0.922413
2.622640	0.927929
2.626110	0.925629
2.629570	0.928507
2.633040	0.929970
2.636510	0.932754
2.639970	0.938607
2.643440	0.939353
2.646910	0.946662
2.650370	0.942995
2.653840	0.949399
2.657310	0.949121
2.660770	0.950972
2.664240	0.949450
2.667710	0.955287
2.671170	0.960061
2.674640	0.959866
2.678110	0.963433
2.681570	0.965755
2.685040	0.971612
2.688510	0.975513
2.691980	0.976972
2.695440	0.979493
2.698910	0.977497
2.702380	0.984001
2.705840	0.983322
2.709310	0.988897
2.712780	0.989657
2.716240	0.992624
2.719710	0.997864
2.723180	0.998466
2.726640	1.003282
2.730110	0.999795
2.733580	1.010549
2.737040	1.007366
2.740510	1.013009
2.743980	1.017163
2.747440	1.016468
2.750910	1.019985
2.754380	1.021839
2.757840	1.021195
2.761310	1.025529
2.764780	1.028180
2.768240	1.029006
2.771710	1.032289
2.775180	1.035760
2.778650	1.036882
2.782110	1.038583
2.785580	1.042732
2.789050	1.042218
2.792510	1.043643
2.795980	1.046517
2.799450	1.050652
2.802910	1.046145
2.806380	1.050627
2.809850	1.048488
2.813310	1.054708
2.816780	1.058453
2.820250	1.058699
2.823710	1.060654
2.827180	1.062229
2.830650	1.059549
2.834110	1.062716
2.837580	1.064097
2.841050	1.071212
2.844510	1.068503
2.847980	1.068408
2.851450	1.068682
2.854920	1.068811
2.858380	1.072858
2.861850	1.071953
2.865320	1.072552
2.868780	1.074052
2.872250	1.073183
2.875720	1.078139
2.879180	1.078698
2.882650	1.083778
2.886120	1.076771
2.889580	1.076811
2.893050	1.083013
2.896520	1.077671
2.899980	1.079766
2.903450	1.082580
2.906920	1.077122
2.910380	1.077889
2.913850	1.080342
2.917320	1.079255
2.920780	1.082693
2.924250	1.077841
2.927720	1.080052
2.931180	1.081274
2.934650	1.083625
2.938120	1.077653
2.941590	1.079149
2.945050	1.080832
2.948520	1.080248
2.951990	1.077883
2.955450	1.076923
2.958920	1.082247
2.962390	1.084102
2.965850	1.081301
2.969320	1.080464
2.972790	1.077738
2.976250	1.079788
2.979720	1.075990
2.983190	1.077129
2.986650	1.079324
2.990120	1.074911
2.993590	1.072764
2.997050	1.073119
3.000520	1.071401
3.003990	1.073711
3.007450	1.067543
3.010920	1.072926
3.014390	1.066656
3.017850	1.069499
3.021320	1.066398
3.024790	1.061354
3.028260	1.064835
3.031720	1.064223
3.035190	1.062426
3.038660	1.060408
3.042120	1.059283
3.045590	1.057327
3.049060	1.058582
3.052520	1.058177
3.055990	1.054048
3.059460	1.053018
3.062920	1.053826
3.066390	1.048808
3.069860	1.048390
3.073320	1.045666
3.076790	1.049624
3.080260	1.046828
3.083720	1.044479
3.087190	1.043146
3.090660	1.036513
3.094120	1.038464
3.097590	1.038614
3.101060	1.039603
3.104530	1.037380
3.107990	1.033382
3.111460	1.031018
3.114930	1.031034
3.118390	1.029148
3.121860	1.029219
3.125330	1.028743
3.128790	1.028210
3.132260	1.024263
3.135730	1.020318
3.139190	1.020334
3.142660	1.016609
3.146130	1.021013
3.149590	1.017169
3.153060	1.013829
3.156530	1.013327
3.159990	1.006372
3.163460	1.013035
3.166930	1.011120
3.170390	1.003188
3.173860	1.005863
3.177330	1.000827
3.180790	0.998655
3.184260	1.001482
3.187730	0.996938
3.191200	0.998935
3.194660	0.997079
3.198130	0.993785
3.201600	0.994218
3.205060	0.989705
3.208530	0.990380
3.212000	0.986653
3.215460	0.987248
3.218930	0.986079
3.222400	0.986868
3.225860	0.983785
3.229330	0.984335
3.232800	0.980903
3.236260	0.982707
3.239730	0.980439
3.243200	0.978821
3.246660	0.976800
3.250130	0.976987
3.253600	0.976090
3.257060	0.974819
3.260530	0.973523
3.264000	0.975386
3.267470	0.971446
3.270930	0.974592
3.274400	0.972562
3.277870	0.969311
3.281330	0.969782
3.284800	0.970266
3.288270	0.968218
3.291730	0.968686
3.295200	0.966472
3.298670	0.965454
3.302130	0.966355
3.305600	0.959544
3.309070	0.964487
3.312530	0.961017
3.316000	0.959998
3.319470	0.959591
3.322930	0.960534
3.326400	0.959252
3.329870	0.956688
3.333330	0.956727
3.336800	0.958710
3.340270	0.957533
3.343730	0.955681
3.347200	0.955501
3.350670	0.954176
3.354140	0.953372
3.357600	0.953241
3.361070	0.954624
3.364540	0.950308
3.368000	0.953305
3.371470	0.951945
3.374940	0.952166
3.378400	0.952693
3.381870	0.948648
3.385340	0.948738
3.388800	0.952432
3.392270	0.951827
3.395740	0.951794
3.399200	0.950314
3.402670	0.948202
3.406140	0.952003
3.409600	0.951973
3.413070	0.948165
3.416540	0.950473
3.420000	0.950186
3.423470	0.953065
3.426940	0.953211
3.430400	0.951585
3.433870	0.948640
3.437340	0.954201
3.440810	0.954132
3.444270	0.950886
3.447740	0.950009
3.451210	0.952580
3.454670	0.952703
3.458140	0.957636
3.461610	0.955026
3.465070	0.955782
