# Average Pressure: -221.446928725
# Average Potential Energy per Particle: -2.6302460350000003
# r	g(r)
0.001733	0.000000
0.005200	0.000000
0.008667	0.000000
0.012134	0.000000
0.015601	0.000000
0.019067	0.000000
0.022534	0.000000
0.026001	0.000000
0.029468	0.000000
0.032935	0.000000
0.036402	0.000000
0.039868	0.000000
0.043335	0.000000
0.046802	0.000000
0.050269	0.000000
0.053735	0.000000
0.057202	0.000000
0.060669	0.000000
0.064136	0.000000
0.067603	0.000000
0.071069	0.000000
0.074536	0.000000
0.078003	0.000000
0.081470	0.000000
0.084937	0.000000
0.088404	0.000000
0.091870	0.000000
0.095337	0.000000
0.098804	0.000000
0.102271	0.000000
0.105738	0.000000
0.109204	0.000000
0.112671	0.000000
0.116138	0.000000
0.119605	0.000000
0.123072	0.000000
0.126538	0.000000
0.130005	0.000000
0.133472	0.000000
0.136939	0.000000
0.140406	0.000000
0.143872	0.000000
0.147339	0.000000
0.150806	0.000000
0.154273	0.000000
0.157740	0.000000
0.161206	0.000000
0.164673	0.000000
0.168140	0.000000
0.171607	0.000000
0.175074	0.000000
0.178541	0.000000
0.182007	0.000000
0.185474	0.000000
0.188941	0.000000
0.192408	0.000000
0.195875	0.000000
0.199341	0.000000
0.202808	0.000000
0.206275	0.000000
0.209742	0.000000
0.213209	0.000000
0.216675	0.000000
0.220142	0.000000
0.223609	0.000000
0.227076	0.000000
0.230543	0.000000
0.234009	0.000000
0.237476	0.000000
0.240943	0.000000
0.244410	0.000000
0.247877	0.000000
0.251343	0.000000
0.254810	0.000000
0.258277	0.000000
0.261744	0.000000
0.265211	0.000000
0.268677	0.000000
0.272144	0.000000
0.275611	0.000000
0.279078	0.000000
0.282545	0.000000
0.286012	0.000000
0.289478	0.000000
0.292945	0.000000
0.296412	0.000000
0.299879	0.000000
0.303346	0.000000
0.306812	0.000000
0.310279	0.000000
0.313746	0.000000
0.317213	0.000000
0.320680	0.000000
0.324146	0.000000
0.327613	0.000000
0.331080	0.000000
0.334547	0.000000
0.338014	0.000000
0.341480	0.000000
0.344947	0.000000
0.348414	0.000000
0.351881	0.000000
0.355348	0.000000
0.358814	0.000000
0.362281	0.000000
0.365748	0.000000
0.369215	0.000000
0.372682	0.000000
0.376148	0.000000
0.379615	0.000000
0.383082	0.000000
0.386549	0.000000
0.390016	0.000000
0.393483	0.000000
0.396949	0.000000
0.400416	0.000000
0.403883	0.000000
0.407350	0.000000
0.410817	0.000000
0.414283	0.000000
0.417750	0.000000
0.421217	0.000000
0.424684	0.000000
0.428151	0.000000
0.431617	0.000000
0.435084	0.000000
0.438551	0.000000
0.442018	0.000000
0.445485	0.000000
0.448951	0.000000
0.452418	0.000000
0.455885	0.000000
0.459352	0.000000
0.462819	0.000000
0.466285	0.000000
0.469752	0.000000
0.473219	0.000000
0.476686	0.000000
0.480153	0.000000
0.483619	0.000000
0.487086	0.000000
0.490553	0.000000
0.494020	0.000000
0.497487	0.000000
0.500954	0.000000
0.504420	0.000000
0.507887	0.000000
0.511354	0.000000
0.514821	0.000000
0.518288	0.000000
0.521754	0.000000
0.525221	0.000000
0.528688	0.000000
0.532155	0.000000
0.535622	0.000000
0.539088	0.000000
0.542555	0.000000
0.546022	0.000000
0.549489	0.000000
0.552956	0.000000
0.556422	0.000000
0.559889	0.000000
0.563356	0.000000
0.566823	0.000000
0.570290	0.000000
0.573756	0.000000
0.577223	0.000000
0.580690	0.000000
0.584157	0.000000
0.587624	0.000000
0.591090	0.000000
0.594557	0.000000
0.598024	0.000000
0.601491	0.000000
0.604958	0.000000
0.608425	0.000000
0.611891	0.000000
0.615358	0.000000
0.618825	0.000000
0.622292	0.000000
0.625759	0.000000
0.629225	0.000000
0.632692	0.000000
0.636159	0.000000
0.639626	0.000000
0.643093	0.000000
0.646559	0.000000
0.650026	0.000000
0.653493	0.000000
0.656960	0.000000
0.660427	0.000000
0.663893	0.000000
0.667360	0.000000
0.670827	0.000000
0.674294	0.000000
0.677761	0.000000
0.681227	0.000000
0.684694	0.000000
0.688161	0.000000
0.691628	0.000000
0.695095	0.000000
0.698561	0.000000
0.702028	0.000000
0.705495	0.000000
0.708962	0.000000
0.712429	0.000000
0.715896	0.000000
0.719362	0.000000
0.722829	0.000000
0.726296	0.000000
0.729763	0.000000
0.733230	0.000000
0.736696	0.000000
0.740163	0.000000
0.743630	0.000000
0.747097	0.000000
0.750564	0.000000
0.754030	0.000000
0.757497	0.000000
0.760964	0.000000
0.764431	0.000000
0.767898	0.000144
0.771364	0.000000
0.774831	0.000142
0.778298	0.000140
0.781765	0.000070
0.785232	0.000138
0.788698	0.000478
0.792165	0.001287
0.795632	0.001074
0.799099	0.001331
0.802566	0.002442
0.806032	0.003141
0.809499	0.005838
0.812966	0.007268
0.816433	0.010777
0.819900	0.014860
0.823367	0.019626
0.826833	0.026239
0.830300	0.036564
0.833767	0.045616
0.837234	0.059065
0.840701	0.077825
0.844167	0.091801
0.847634	0.116255
0.851101	0.137198
0.854568	0.170720
0.858035	0.195787
0.861501	0.239289
0.864968	0.274816
0.868435	0.320309
0.871902	0.367308
0.875369	0.426479
0.878835	0.473149
0.882302	0.531688
0.885769	0.594228
0.889236	0.664808
0.892703	0.718649
0.896169	0.780106
0.899636	0.858297
0.903103	0.913637
0.906570	0.988018
0.910037	1.074178
0.913503	1.129968
0.916970	1.195552
0.920437	1.257459
0.923904	1.325376
0.927371	1.389329
0.930838	1.448369
0.934304	1.511755
0.937771	1.576775
0.941238	1.624151
0.944705	1.684743
0.948172	1.732069
0.951638	1.778285
0.955105	1.819406
0.958572	1.874642
0.962039	1.897532
0.965506	1.919725
0.968972	1.978359
0.972439	2.002890
0.975906	2.016227
0.979373	2.039158
0.982840	2.057494
0.986306	2.058523
0.989773	2.075760
0.993240	2.097100
0.996707	2.102263
1.000170	2.119627
1.003640	2.106655
1.007110	2.123315
1.010570	2.121842
1.014040	2.123810
1.017510	2.114042
1.020970	2.090658
1.024440	2.094393
1.027910	2.079646
1.031370	2.091464
1.034840	2.072156
1.038310	2.027350
1.041780	2.036596
1.045240	2.021905
1.048710	1.999666
1.052180	1.976759
1.055640	1.962767
1.059110	1.954713
1.062580	1.932643
1.066040	1.903186
1.069510	1.892391
1.072980	1.893364
1.076440	1.869521
1.079910	1.837672
1.083380	1.828103
1.086840	1.800194
1.090310	1.785296
1.093780	1.761631
1.097240	1.746987
1.100710	1.723753
1.104180	1.702105
1.107640	1.690635
1.111110	1.668842
1.114580	1.648623
1.118050	1.622194
1.121510	1.603630
1.124980	1.585364
1.128450	1.568561
1.131910	1.557906
1.135380	1.522159
1.138850	1.527916
1.142310	1.494615
1.145780	1.479853
1.149250	1.456133
1.152710	1.448827
1.156180	1.431026
1.159650	1.409365
1.163110	1.401919
1.166580	1.375169
1.170050	1.356226
1.173510	1.360202
1.176980	1.338210
1.180450	1.320356
1.183910	1.297409
1.187380	1.293434
1.190850	1.268407
1.194310	1.255599
1.197780	1.261704
1.201250	1.231160
1.204720	1.215680
1.208180	1.206355
1.211650	1.206380
1.215120	1.179067
1.218580	1.175001
1.222050	1.159776
1.225520	1.140685
1.228980	1.140816
1.232450	1.132253
1.235920	1.114027
1.239380	1.095987
1.242850	1.097064
1.246320	1.084648
1.249780	1.076216
1.253250	1.061150
1.256720	1.057079
1.260180	1.047149
1.263650	1.034409
1.267120	1.027195
1.270580	1.013566
1.274050	1.018797
1.277520	0.996526
1.280980	0.991736
1.284450	0.981080
1.287920	0.976473
1.291390	0.964151
1.294850	0.960111
1.298320	0.945256
1.301790	0.939351
1.305250	0.935341
1.308720	0.927438
1.312190	0.924964
1.315650	0.923091
1.319120	0.911357
1.322590	0.909015
1.326050	0.894575
1.329520	0.898212
1.332990	0.885939
1.336450	0.882443
1.339920	0.879066
1.343390	0.880706
1.346850	0.855628
1.350320	0.861008
1.353790	0.864675
1.357250	0.855073
1.360720	0.845646
1.364190	0.844095
1.367660	0.836912
1.371120	0.844442
1.374590	0.832225
1.378060	0.832161
1.381520	0.825362
1.384990	0.829811
1.388460	0.823136
1.391920	0.823188
1.395390	0.820456
1.398860	0.817177
1.402320	0.815909
1.405790	0.809049
1.409260	0.806958
1.412720	0.804237
1.416190	0.802212
1.419660	0.791465
1.423120	0.792022
1.426590	0.790286
1.430060	0.786501
1.433520	0.782515
1.436990	0.778867
1.440460	0.779814
1.443920	0.779846
1.447390	0.771874
1.450860	0.769623
1.454330	0.773394
1.457790	0.775161
1.461260	0.770512
1.464730	0.766552
1.468190	0.761753
1.471660	0.762800
1.475130	0.768283
1.478590	0.765871
1.482060	0.769530
1.485530	0.763303
1.488990	0.767154
1.492460	0.751895
1.495930	0.766479
1.499390	0.767117
1.502860	0.768456
1.506330	0.760427
1.509790	0.764231
1.513260	0.765949
1.516730	0.761823
1.520190	0.761535
1.523660	0.762101
1.527130	0.768688
1.530600	0.768094
1.534060	0.766578
1.537530	0.768304
1.541000	0.767124
1.544460	0.771756
1.547930	0.770876
1.551400	0.785007
1.554860	0.765774
1.558330	0.771000
1.561800	0.778003
1.565260	0.782593
1.568730	0.780157
1.572200	0.788070
1.575660	0.778117
1.579130	0.783602
1.582600	0.792647
1.586060	0.791079
1.589530	0.790609
1.593000	0.788562
1.596460	0.797633
1.599930	0.797867
1.603400	0.802125
1.606860	0.804018
1.610330	0.799937
1.613800	0.812189
1.617270	0.808581
1.620730	0.810547
1.624200	0.820883
1.627670	0.812384
1.631130	0.820518
1.634600	0.819379
1.638070	0.832310
1.641530	0.833390
1.645000	0.830980
1.648470	0.837609
1.651930	0.833116
1.655400	0.851487
1.658870	0.851731
1.662330	0.850567
1.665800	0.854689
1.669270	0.862493
1.672730	0.867717
1.676200	0.864223
1.679670	0.871040
1.683130	0.877808
1.686600	0.878193
1.690070	0.877868
1.693530	0.886416
1.697000	0.890208
1.700470	0.890124
1.703940	0.888790
1.707400	0.899547
1.710870	0.907116
1.714340	0.910596
1.717800	0.916706
1.721270	0.926187
1.724740	0.922810
1.728200	0.932875
1.731670	0.930348
1.735140	0.934950
1.738600	0.940367
1.742070	0.939876
1.745540	0.944559
1.749000	0.954144
1.752470	0.957529
1.755940	0.964905
1.759400	0.961944
1.762870	0.967014
1.766340	0.968440
1.769800	0.985780
1.773270	0.984822
1.776740	0.987769
1.780210	0.991235
1.783670	0.995416
1.787140	0.998331
1.790610	1.004201
1.794070	1.000086
1.797540	1.014453
1.801010	1.021639
1.804470	1.015914
1.807940	1.017419
1.811410	1.027181
1.814870	1.037794
1.818340	1.036348
1.821810	1.043804
1.825270	1.042078
1.828740	1.044523
1.832210	1.054008
1.835670	1.060704
1.839140	1.057299
1.842610	1.058933
1.846070	1.063941
1.849540	1.063547
1.853010	1.076989
1.856470	1.073883
1.859940	1.079836
1.863410	1.087917
1.866880	1.083502
1.870340	1.092504
1.873810	1.095148
1.877280	1.100370
1.880740	1.096809
1.884210	1.103241
1.887680	1.104883
1.891140	1.113768
1.894610	1.103052
1.898080	1.117822
1.901540	1.119676
1.905010	1.117888
1.908480	1.123282
1.911940	1.119968
1.915410	1.121875
1.918880	1.126389
1.922340	1.122261
1.925810	1.127072
1.929280	1.130426
1.932740	1.120548
1.936210	1.137901
1.939680	1.134673
1.943140	1.131664
1.946610	1.129218
1.950080	1.135859
1.953550	1.136978
1.957010	1.134406
1.960480	1.134247
1.963950	1.132152
1.967410	1.130846
1.970880	1.140867
1.974350	1.126570
1.977810	1.134230
1.981280	1.134195
1.984750	1.132351
1.988210	1.131330
1.991680	1.137050
1.995150	1.127368
1.998610	1.136666
2.002080	1.135214
2.005550	1.127277
2.009010	1.130394
2.012480	1.132223
2.015950	1.124755
2.019410	1.123471
2.022880	1.127758
2.026350	1.124212
2.029820	1.126472
2.033280	1.119787
2.036750	1.116849
2.040220	1.111586
2.043680	1.106487
2.047150	1.113654
2.050620	1.106263
2.054080	1.107589
2.057550	1.110818
2.061020	1.096527
2.064480	1.104287
2.067950	1.098708
2.071420	1.096569
2.074880	1.101123
2.078350	1.092532
2.081820	1.089651
2.085280	1.088652
2.088750	1.085762
2.092220	1.086225
2.095680	1.078792
2.099150	1.079129
2.102620	1.083477
2.106080	1.075908
2.109550	1.074657
2.113020	1.068258
2.116490	1.065464
2.119950	1.064375
2.123420	1.064458
2.126890	1.062511
2.130350	1.057482
2.133820	1.055478
2.137290	1.066572
2.140750	1.048939
2.144220	1.047694
2.147690	1.041652
2.151150	1.044792
2.154620	1.039005
2.158090	1.040443
2.161550	1.037572
2.165020	1.037435
2.168490	1.032656
2.171950	1.039094
2.175420	1.031420
2.178890	1.031363
2.182350	1.026099
2.185820	1.027713
2.189290	1.022360
2.192760	1.021065
2.196220	1.022119
2.199690	1.013972
2.203160	1.017446
2.206620	1.021000
2.210090	1.015042
2.213560	1.010589
2.217020	1.014522
2.220490	1.007563
2.223960	1.003719
2.227420	1.005867
2.230890	1.001718
2.234360	1.002682
2.237820	0.995512
2.241290	0.993086
2.244760	0.995200
2.248220	0.985894
2.251690	0.987404
2.255160	0.982758
2.258620	0.982801
2.262090	0.980987
2.265560	0.984174
2.269020	0.978675
2.272490	0.974128
2.275960	0.977702
2.279430	0.977905
2.282890	0.969749
2.286360	0.967852
2.289830	0.966164
2.293290	0.962858
2.296760	0.965859
2.300230	0.967601
2.303690	0.959749
2.307160	0.965604
2.310630	0.964985
2.314090	0.960461
2.317560	0.957970
2.321030	0.957729
2.324490	0.955654
2.327960	0.957704
2.331430	0.955335
2.334890	0.953498
2.338360	0.952134
2.341830	0.951325
2.345290	0.956691
2.348760	0.949084
2.352230	0.955721
2.355690	0.949963
2.359160	0.950227
2.362630	0.949542
2.366100	0.946785
2.369560	0.944591
2.373030	0.946612
2.376500	0.947156
2.379960	0.950297
2.383430	0.946697
2.386900	0.944777
2.390360	0.945736
2.393830	0.943036
2.397300	0.940029
2.400760	0.943334
2.404230	0.947646
2.407700	0.951468
2.411160	0.947096
2.414630	0.940557
2.418100	0.947850
2.421560	0.942551
2.425030	0.946248
2.428500	0.947427
2.431960	0.944015
2.435430	0.942963
2.438900	0.948503
2.442370	0.940696
2.445830	0.945215
2.449300	0.942016
2.452770	0.942910
2.456230	0.945020
2.459700	0.944711
2.463170	0.943826
2.466630	0.946604
2.470100	0.941754
2.473570	0.944049
2.477030	0.938879
2.480500	0.946039
2.483970	0.943655
2.487430	0.945129
2.490900	0.947802
2.494370	0.942655
2.497830	0.945150
2.501300	0.947797
2.504770	0.943427
2.508230	0.950064
2.511700	0.950375
2.515170	0.950920
2.518630	0.953458
2.522100	0.949082
2.525570	0.948963
2.529040	0.957428
2.532500	0.951349
2.535970	0.953814
2.539440	0.954151
2.542900	0.953437
2.546370	0.954527
2.549840	0.953705
2.553300	0.953256
2.556770	0.960596
2.560240	0.959714
2.563700	0.961034
2.567170	0.965623
2.570640	0.964372
2.574100	0.964387
2.577570	0.963913
2.581040	0.963259
2.584500	0.964163
2.587970	0.963271
2.591440	0.966493
2.594900	0.966551
2.598370	0.964640
2.601840	0.965739
2.605300	0.971367
2.608770	0.972305
2.612240	0.978422
2.615710	0.975823
2.619170	0.974630
2.622640	0.977659
2.626110	0.980042
2.629570	0.975866
2.633040	0.983208
2.636510	0.981669
2.639970	0.979496
2.643440	0.982476
2.646910	0.985480
2.650370	0.984452
2.653840	0.986831
2.657310	0.983783
2.660770	0.988474
2.664240	0.989735
2.667710	0.989709
2.671170	0.987685
2.674640	0.990735
2.678110	0.995556
2.681570	0.992250
2.685040	0.997596
2.688510	0.991115
2.691980	0.996798
2.695440	0.998051
2.698910	1.003296
2.702380	0.999432
2.705840	0.999810
2.709310	1.003675
2.712780	1.000083
2.716240	1.001185
2.719710	1.004973
2.723180	1.003505
2.726640	1.003453
2.730110	1.006507
2.733580	1.009195
2.737040	1.003071
2.740510	1.012166
2.743980	1.013290
2.747440	1.006179
2.750910	1.010795
2.754380	1.013144
2.757840	1.012800
2.761310	1.018393
2.764780	1.018693
2.768240	1.018722
2.771710	1.017277
2.775180	1.018948
2.778650	1.018802
2.782110	1.021514
2.785580	1.021767
2.789050	1.023453
2.792510	1.021768
2.795980	1.025838
2.799450	1.021129
2.802910	1.023664
2.806380	1.022048
2.809850	1.026812
2.813310	1.028998
2.816780	1.023035
2.820250	1.027226
2.823710	1.028497
2.827180	1.024534
2.830650	1.031639
2.834110	1.023941
2.837580	1.032205
2.841050	1.025443
2.844510	1.025114
2.847980	1.027546
2.851450	1.025969
2.854920	1.028950
2.858380	1.028313
2.861850	1.030951
2.865320	1.028523
2.868780	1.023864
2.872250	1.026290
2.875720	1.024913
2.879180	1.029553
2.882650	1.031862
2.886120	1.026245
2.889580	1.027465
2.893050	1.025030
2.896520	1.027365
2.899980	1.028155
2.903450	1.029741
2.906920	1.029695
2.910380	1.030676
2.913850	1.032070
2.917320	1.028795
2.920780	1.030479
2.924250	1.024806
2.927720	1.028308
2.931180	1.027445
2.934650	1.030966
2.938120	1.031588
2.941590	1.026360
2.945050	1.027657
2.948520	1.025667
2.951990	1.031391
2.955450	1.026472
2.958920	1.027666
2.962390	1.025159
2.965850	1.032343
2.969320	1.029451
2.972790	1.027307
2.976250	1.030644
2.979720	1.027856
2.983190	1.023160
2.986650	1.029978
2.990120	1.027397
2.993590	1.022812
2.997050	1.025077
3.000520	1.026278
3.003990	1.021344
3.007450	1.027182
3.010920	1.021240
3.014390	1.019538
3.017850	1.024226
3.021320	1.021280
3.024790	1.020344
3.028260	1.019632
3.031720	1.019308
3.035190	1.016483
3.038660	1.018690
3.042120	1.017219
3.045590	1.012054
3.049060	1.017774
3.052520	1.015742
3.055990	1.015737
3.059460	1.012928
3.062920	1.018235
3.066390	1.010318
3.069860	1.013194
3.073320	1.011269
3.076790	1.011335
3.080260	1.010167
3.083720	1.010806
3.087190	1.010102
3.090660	1.009119
3.094120	1.007153
3.097590	1.010500
3.101060	1.007269
3.104530	1.007707
3.107990	1.003282
3.111460	1.007290
3.114930	1.008025
3.118390	1.006562
3.121860	1.010185
3.125330	1.005752
3.128790	1.000034
3.132260	1.003371
3.135730	1.003817
3.139190	1.005000
3.142660	1.000718
3.146130	1.000828
3.149590	0.997711
3.153060	1.002537
3.156530	0.999653
3.159990	0.999718
3.163460	0.996860
3.166930	0.999189
3.170390	0.998413
3.173860	0.998774
3.177330	0.998212
3.180790	0.995617
3.184260	0.993496
3.187730	0.996319
3.191200	0.997516
3.194660	0.992440
3.198130	0.994687
3.201600	0.993061
3.205060	0.995813
3.208530	0.997156
3.212000	0.995017
3.215460	0.992806
3.218930	0.992368
3.222400	0.992100
3.225860	0.993870
3.229330	0.990461
3.232800	0.995655
3.236260	0.992017
3.239730	0.987235
3.243200	0.990877
3.246660	0.988652
3.250130	0.987759
3.253600	0.989715
3.257060	0.994297
3.260530	0.990552
3.264000	0.990029
3.267470	0.990876
3.270930	0.988598
3.274400	0.986890
3.277870	0.989163
3.281330	0.993304
3.284800	0.986217
3.288270	0.989282
3.291730	0.988077
3.295200	0.989040
3.298670	0.988592
3.302130	0.988096
3.305600	0.986211
3.309070	0.985442
3.312530	0.986770
3.316000	0.984352
3.319470	0.987799
3.322930	0.985638
3.326400	0.984157
3.329870	0.987238
3.333330	0.982229
3.336800	0.982750
3.340270	0.981546
3.343730	0.983211
3.347200	0.984374
3.350670	0.983088
3.354140	0.982632
3.357600	0.983032
3.361070	0.984715
3.364540	0.983413
3.368000	0.982763
3.371470	0.981724
3.374940	0.984981
3.378400	0.984159
3.381870	0.982444
3.385340	0.980458
3.388800	0.984835
3.392270	0.980788
3.395740	0.983788
3.399200	0.983512
3.402670	0.987820
3.406140	0.984798
3.409600	0.980768
3.413070	0.985626
3.416540	0.984814
3.420000	0.984631
3.423470	0.986356
3.426940	0.983192
3.430400	0.984164
3.433870	0.989008
3.437340	0.986037
3.440810	0.986578
3.444270	0.989352
3.447740	0.986480
3.451210	0.989760
3.454670	0.987757
3.458140	0.988041
3.461610	0.993366
3.465070	0.987719
