# Average Pressure: 0.08595304785500008
# Average Potential Energy per Particle: -2.4635709274999997
# r	g(r)
0.002271	0.000000
0.006814	0.000000
0.011357	0.000000
0.015900	0.000000
0.020443	0.000000
0.024985	0.000000
0.029528	0.000000
0.034071	0.000000
0.038614	0.000000
0.043157	0.000000
0.047699	0.000000
0.052242	0.000000
0.056785	0.000000
0.061328	0.000000
0.065871	0.000000
0.070413	0.000000
0.074956	0.000000
0.079499	0.000000
0.084042	0.000000
0.088585	0.000000
0.093127	0.000000
0.097670	0.000000
0.102213	0.000000
0.106756	0.000000
0.111299	0.000000
0.115841	0.000000
0.120384	0.000000
0.124927	0.000000
0.129470	0.000000
0.134013	0.000000
0.138555	0.000000
0.143098	0.000000
0.147641	0.000000
0.152184	0.000000
0.156727	0.000000
0.161269	0.000000
0.165812	0.000000
0.170355	0.000000
0.174898	0.000000
0.179441	0.000000
0.183983	0.000000
0.188526	0.000000
0.193069	0.000000
0.197612	0.000000
0.202155	0.000000
0.206697	0.000000
0.211240	0.000000
0.215783	0.000000
0.220326	0.000000
0.224869	0.000000
0.229411	0.000000
0.233954	0.000000
0.238497	0.000000
0.243040	0.000000
0.247583	0.000000
0.252125	0.000000
0.256668	0.000000
0.261211	0.000000
0.265754	0.000000
0.270297	0.000000
0.274839	0.000000
0.279382	0.000000
0.283925	0.000000
0.288468	0.000000
0.293011	0.000000
0.297553	0.000000
0.302096	0.000000
0.306639	0.000000
0.311182	0.000000
0.315725	0.000000
0.320268	0.000000
0.324810	0.000000
0.329353	0.000000
0.333896	0.000000
0.338439	0.000000
0.342982	0.000000
0.347524	0.000000
0.352067	0.000000
0.356610	0.000000
0.361153	0.000000
0.365696	0.000000
0.370238	0.000000
0.374781	0.000000
0.379324	0.000000
0.383867	0.000000
0.388410	0.000000
0.392952	0.000000
0.397495	0.000000
0.402038	0.000000
0.406581	0.000000
0.411124	0.000000
0.415666	0.000000
0.420209	0.000000
0.424752	0.000000
0.429295	0.000000
0.433838	0.000000
0.438380	0.000000
0.442923	0.000000
0.447466	0.000000
0.452009	0.000000
0.456552	0.000000
0.461094	0.000000
0.465637	0.000000
0.470180	0.000000
0.474723	0.000000
0.479266	0.000000
0.483808	0.000000
0.488351	0.000000
0.492894	0.000000
0.497437	0.000000
0.501980	0.000000
0.506522	0.000000
0.511065	0.000000
0.515608	0.000000
0.520151	0.000000
0.524694	0.000000
0.529236	0.000000
0.533779	0.000000
0.538322	0.000000
0.542865	0.000000
0.547408	0.000000
0.551950	0.000000
0.556493	0.000000
0.561036	0.000000
0.565579	0.000000
0.570122	0.000000
0.574664	0.000000
0.579207	0.000000
0.583750	0.000000
0.588293	0.000000
0.592836	0.000000
0.597378	0.000000
0.601921	0.000000
0.606464	0.000000
0.611007	0.000000
0.615550	0.000000
0.620092	0.000000
0.624635	0.000000
0.629178	0.000000
0.633721	0.000000
0.638264	0.000000
0.642806	0.000000
0.647349	0.000000
0.651892	0.000000
0.656435	0.000000
0.660978	0.000000
0.665520	0.000000
0.670063	0.000000
0.674606	0.000000
0.679149	0.000000
0.683692	0.000000
0.688234	0.000000
0.692777	0.000000
0.697320	0.000000
0.701863	0.000000
0.706406	0.000000
0.710948	0.000000
0.715491	0.000000
0.720034	0.000000
0.724577	0.000000
0.729120	0.000000
0.733662	0.000000
0.738205	0.000000
0.742748	0.000000
0.747291	0.000000
0.751834	0.000000
0.756376	0.000000
0.760919	0.000000
0.765462	0.000000
0.770005	0.000000
0.774548	0.000000
0.779090	0.000000
0.783633	0.000000
0.788176	0.000000
0.792719	0.000000
0.797262	0.000000
0.801804	0.000000
0.806347	0.000000
0.810890	0.000000
0.815433	0.000000
0.819976	0.000000
0.824518	0.000000
0.829061	0.000000
0.833604	0.000000
0.838147	0.000000
0.842690	0.000206
0.847232	0.000508
0.851775	0.000402
0.856318	0.001294
0.860861	0.001871
0.865404	0.004191
0.869946	0.004726
0.874489	0.006872
0.879032	0.015964
0.883575	0.020194
0.888118	0.027668
0.892660	0.041493
0.897203	0.055400
0.901746	0.068936
0.906289	0.089752
0.910832	0.112965
0.915374	0.147996
0.919917	0.178191
0.924460	0.222392
0.929003	0.254812
0.933546	0.304430
0.938089	0.358220
0.942631	0.410469
0.947174	0.474555
0.951717	0.532809
0.956260	0.577645
0.960803	0.658299
0.965345	0.709684
0.969888	0.757056
0.974431	0.848943
0.978974	0.888148
0.983517	0.970735
0.988059	1.013341
0.992602	1.091947
0.997145	1.133625
1.001690	1.183742
1.006230	1.247834
1.010770	1.313583
1.015320	1.327981
1.019860	1.366000
1.024400	1.440156
1.028940	1.478211
1.033490	1.486493
1.038030	1.547347
1.042570	1.570220
1.047120	1.571203
1.051660	1.615535
1.056200	1.599703
1.060740	1.627678
1.065290	1.642639
1.069830	1.659458
1.074370	1.684468
1.078920	1.669498
1.083460	1.669765
1.088000	1.683227
1.092540	1.689925
1.097090	1.687179
1.101630	1.685743
1.106170	1.665840
1.110710	1.699099
1.115260	1.680357
1.119800	1.669602
1.124340	1.642106
1.128890	1.639399
1.133430	1.633499
1.137970	1.631981
1.142510	1.633959
1.147060	1.625147
1.151600	1.602940
1.156140	1.592007
1.160690	1.586666
1.165230	1.585929
1.169770	1.572196
1.174310	1.548887
1.178860	1.546059
1.183400	1.545937
1.187940	1.520844
1.192490	1.519698
1.197030	1.516234
1.201570	1.481233
1.206110	1.467537
1.210660	1.459134
1.215200	1.440683
1.219740	1.427813
1.224280	1.431553
1.228830	1.420939
1.233370	1.404543
1.237910	1.391775
1.242460	1.371736
1.247000	1.378704
1.251540	1.347184
1.256080	1.328714
1.260630	1.338491
1.265170	1.325705
1.269710	1.309263
1.274260	1.302146
1.278800	1.307910
1.283340	1.283952
1.287880	1.257838
1.292430	1.258973
1.296970	1.248345
1.301510	1.246843
1.306060	1.236087
1.310600	1.220606
1.315140	1.214465
1.319680	1.197025
1.324230	1.191743
1.328770	1.195056
1.333310	1.182780
1.337860	1.168318
1.342400	1.158156
1.346940	1.166811
1.351480	1.149630
1.356030	1.134319
1.360570	1.128768
1.365110	1.125106
1.369650	1.110458
1.374200	1.112055
1.378740	1.112918
1.383280	1.102912
1.387830	1.086420
1.392370	1.083483
1.396910	1.073905
1.401450	1.083713
1.406000	1.073251
1.410540	1.066532
1.415080	1.061772
1.419630	1.053394
1.424170	1.057121
1.428710	1.049696
1.433250	1.035553
1.437800	1.029620
1.442340	1.025776
1.446880	1.020009
1.451430	1.009786
1.455970	1.012964
1.460510	1.005371
1.465050	1.003363
1.469600	0.999165
1.474140	1.006550
1.478680	0.996670
1.483220	0.983540
1.487770	0.986678
1.492310	0.985367
1.496850	0.989851
1.501400	0.981378
1.505940	0.985571
1.510480	0.972966
1.515020	0.974453
1.519570	0.969490
1.524110	0.956461
1.528650	0.977865
1.533200	0.950436
1.537740	0.952669
1.542280	0.955013
1.546820	0.946057
1.551370	0.955565
1.555910	0.946106
1.560450	0.941264
1.565000	0.940366
1.569540	0.950574
1.574080	0.941118
1.578620	0.933367
1.583170	0.940657
1.587710	0.940985
1.592250	0.938446
1.596790	0.928247
1.601340	0.931811
1.605880	0.929887
1.610420	0.936045
1.614970	0.934706
1.619510	0.930944
1.624050	0.932606
1.628590	0.922980
1.633140	0.921930
1.637680	0.923109
1.642220	0.918469
1.646770	0.929718
1.651310	0.914626
1.655850	0.919144
1.660390	0.924950
1.664940	0.916117
1.669480	0.918080
1.674020	0.909560
1.678570	0.913011
1.683110	0.916101
1.687650	0.915892
1.692190	0.917990
1.696740	0.915566
1.701280	0.918803
1.705820	0.917930
1.710360	0.921693
1.714910	0.920464
1.719450	0.918052
1.723990	0.918327
1.728540	0.914631
1.733080	0.915163
1.737620	0.914688
1.742160	0.927743
1.746710	0.920268
1.751250	0.930422
1.755790	0.921754
1.760340	0.930099
1.764880	0.925083
1.769420	0.924768
1.773960	0.926045
1.778510	0.926675
1.783050	0.929006
1.787590	0.931028
1.792140	0.926428
1.796680	0.942867
1.801220	0.937420
1.805760	0.934836
1.810310	0.934760
1.814850	0.937088
1.819390	0.940572
1.823930	0.944407
1.828480	0.934939
1.833020	0.951491
1.837560	0.948089
1.842110	0.945074
1.846650	0.947686
1.851190	0.944659
1.855730	0.952544
1.860280	0.955301
1.864820	0.945637
1.869360	0.947667
1.873910	0.946071
1.878450	0.961833
1.882990	0.955902
1.887530	0.952801
1.892080	0.956958
1.896620	0.962686
1.901160	0.959323
1.905710	0.965204
1.910250	0.962861
1.914790	0.972233
1.919330	0.964287
1.923880	0.972340
1.928420	0.971434
1.932960	0.974434
1.937500	0.974264
1.942050	0.977897
1.946590	0.982390
1.951130	0.985071
1.955680	0.978685
1.960220	0.984792
1.964760	0.984061
1.969300	0.986283
1.973850	0.988868
1.978390	0.991158
1.982930	0.989333
1.987480	0.995900
1.992020	0.992357
1.996560	0.987277
2.001100	0.994648
2.005650	0.999256
2.010190	1.001953
2.014730	1.005297
2.019280	1.000779
2.023820	1.002491
2.028360	1.007338
2.032900	1.008986
2.037450	1.008466
2.041990	1.006960
2.046530	1.015669
2.051070	1.011245
2.055620	1.006539
2.060160	1.011029
2.064700	1.012474
2.069250	1.017938
2.073790	1.017369
2.078330	1.026328
2.082870	1.011558
2.087420	1.017429
2.091960	1.019385
2.096500	1.022595
2.101050	1.016508
2.105590	1.018284
2.110130	1.014888
2.114670	1.019117
2.119220	1.027526
2.123760	1.024157
2.128300	1.024186
2.132850	1.022764
2.137390	1.022049
2.141930	1.023794
2.146470	1.026530
2.151020	1.027690
2.155560	1.033132
2.160100	1.030950
2.164640	1.020662
2.169190	1.028414
2.173730	1.030066
2.178270	1.026775
2.182820	1.025324
2.187360	1.032710
2.191900	1.023921
2.196440	1.026589
2.200990	1.028834
2.205530	1.027570
2.210070	1.031017
2.214620	1.036762
2.219160	1.033633
2.223700	1.035038
2.228240	1.025662
2.232790	1.032093
2.237330	1.026871
2.241870	1.038151
2.246420	1.022544
2.250960	1.032783
2.255500	1.029545
2.260040	1.026496
2.264590	1.028617
2.269130	1.021369
2.273670	1.026878
2.278210	1.026669
2.282760	1.031564
2.287300	1.029703
2.291840	1.024415
2.296390	1.024519
2.300930	1.025482
2.305470	1.017064
2.310010	1.017993
2.314560	1.025717
2.319100	1.026303
2.323640	1.027634
2.328190	1.020341
2.332730	1.027062
2.337270	1.021483
2.341810	1.015673
2.346360	1.017763
2.350900	1.027331
2.355440	1.018439
2.359990	1.021691
2.364530	1.026188
2.369070	1.012308
2.373610	1.019642
2.378160	1.012783
2.382700	1.020715
2.387240	1.016985
2.391780	1.007297
2.396330	1.021390
2.400870	1.014464
2.405410	1.017259
2.409960	1.011504
2.414500	1.014888
2.419040	1.003061
2.423580	1.008114
2.428130	1.009755
2.432670	1.010501
2.437210	1.007695
2.441760	1.007536
2.446300	1.002530
2.450840	1.002729
2.455380	1.008853
2.459930	1.005914
2.464470	1.003711
2.469010	1.010198
2.473560	1.004010
2.478100	1.003304
2.482640	1.003591
2.487180	1.002346
2.491730	1.003751
2.496270	1.002794
2.500810	1.000193
2.505360	1.002348
2.509900	1.002443
2.514440	1.000186
2.518980	1.001217
2.523530	0.996928
2.528070	0.993543
2.532610	1.001361
2.537150	0.999853
2.541700	0.990497
2.546240	1.007242
2.550780	0.998699
2.555330	1.000818
2.559870	0.998083
2.564410	0.997013
2.568950	0.992009
2.573500	0.994637
2.578040	0.998559
2.582580	0.990846
2.587130	0.998275
2.591670	0.988138
2.596210	0.995718
2.600750	0.989674
2.605300	0.995882
2.609840	0.994325
2.614380	0.986666
2.618930	0.989790
2.623470	0.993863
2.628010	0.986752
2.632550	0.989322
2.637100	0.988718
2.641640	0.987297
2.646180	0.996157
2.650720	0.989205
2.655270	0.996257
2.659810	0.993734
2.664350	0.986061
2.668900	0.989388
2.673440	0.984425
2.677980	0.983166
2.682520	0.986664
2.687070	0.991620
2.691610	0.990894
2.696150	0.995450
2.700700	0.991514
2.705240	0.990002
2.709780	0.988354
2.714320	0.990270
2.718870	0.990301
2.723410	0.990543
2.727950	0.987883
2.732500	0.987887
2.737040	0.991303
2.741580	0.988137
2.746120	0.994452
2.750670	0.997605
2.755210	0.987712
2.759750	0.993501
2.764290	0.987936
2.768840	0.986762
2.773380	0.991580
2.777920	0.990089
2.782470	0.986483
2.787010	0.986547
2.791550	0.995740
2.796090	0.990118
2.800640	0.993273
2.805180	0.996478
2.809720	0.987608
2.814270	0.997426
2.818810	0.991642
2.823350	0.993901
2.827890	0.995046
2.832440	0.996468
2.836980	0.989417
2.841520	1.003087
2.846070	0.995292
2.850610	0.990901
2.855150	0.995155
2.859690	0.998824
2.864240	0.994127
2.868780	0.995975
2.873320	0.994233
2.877860	0.992948
2.882410	1.002771
2.886950	0.998127
2.891490	1.004841
2.896040	1.004833
2.900580	1.000794
2.905120	1.004845
2.909660	1.000546
2.914210	0.998339
2.918750	1.003717
2.923290	0.999207
2.927840	0.992626
2.932380	0.999510
2.936920	0.999018
2.941460	1.002236
2.946010	1.000670
2.950550	0.998941
2.955090	0.993749
2.959640	0.998258
2.964180	0.994062
2.968720	0.998666
2.973260	1.002907
2.977810	1.001159
2.982350	0.999358
2.986890	0.996542
2.991430	0.995850
2.995980	0.991954
3.000520	0.997822
3.005060	0.998591
3.009610	0.999002
3.014150	1.006485
3.018690	0.996505
3.023230	0.995686
3.027780	1.000431
3.032320	1.000483
3.036860	0.999883
3.041410	1.003849
3.045950	1.002643
3.050490	1.004208
3.055030	1.002804
3.059580	1.004421
3.064120	1.002455
3.068660	0.998660
3.073210	0.996830
3.077750	1.004492
3.082290	1.002554
3.086830	1.004035
3.091380	1.002292
3.095920	1.002231
3.100460	1.006487
3.105000	1.003097
3.109550	1.002275
3.114090	1.002197
3.118630	1.000428
3.123180	1.003933
3.127720	1.001377
3.132260	1.004865
3.136800	1.004730
3.141350	1.001915
3.145890	1.005551
3.150430	1.004167
3.154980	1.000641
3.159520	1.005260
3.164060	1.000763
3.168600	1.002323
3.173150	1.006907
3.177690	0.999498
3.182230	1.003474
3.186780	1.009439
3.191320	1.005843
3.195860	1.004737
3.200400	1.004566
3.204950	1.004677
3.209490	1.003520
3.214030	1.006353
3.218570	1.002139
3.223120	1.004024
3.227660	1.007905
3.232200	0.998213
3.236750	1.002700
3.241290	1.005679
3.245830	1.002470
3.250370	0.999518
3.254920	1.001994
3.259460	0.996256
3.264000	0.995279
3.268550	1.001868
3.273090	1.001616
3.277630	1.001342
3.282170	1.002833
3.286720	1.001063
3.291260	0.997743
3.295800	0.993790
3.300350	0.996357
3.304890	1.001213
3.309430	1.002064
3.313970	1.000747
3.318520	1.001435
3.323060	0.999394
3.327600	1.001999
3.332140	0.994543
3.336690	0.995822
3.341230	1.000020
3.345770	1.001401
3.350320	0.997153
3.354860	0.996775
3.359400	1.001553
3.363940	0.997466
3.368490	0.995537
3.373030	0.995290
3.377570	0.998635
3.382120	0.994181
3.386660	1.002995
3.391200	0.995766
3.395740	0.994014
3.400290	0.997673
3.404830	0.993426
3.409370	0.996444
3.413920	0.996762
3.418460	0.997600
3.423000	0.994711
3.427540	0.995300
3.432090	0.994291
3.436630	0.991867
3.441170	0.997911
3.445710	0.999694
3.450260	0.998450
3.454800	0.999207
3.459340	0.996299
3.463890	0.996054
3.468430	0.997402
3.472970	1.005438
3.477510	0.996748
3.482060	1.001150
3.486600	0.993907
3.491140	0.999544
3.495690	0.995120
3.500230	0.995418
3.504770	0.995785
3.509310	0.997707
3.513860	0.997239
3.518400	0.997266
3.522940	0.995343
3.527490	1.000723
3.532030	0.999636
3.536570	0.994782
3.541110	0.999438
3.545660	0.994945
3.550200	0.995174
3.554740	0.995035
3.559280	0.995314
3.563830	0.995761
3.568370	0.999796
3.572910	1.001075
3.577460	0.996955
3.582000	0.996816
3.586540	0.998701
3.591080	1.001276
3.595630	0.997579
3.600170	0.997040
3.604710	0.996679
3.609260	0.997326
3.613800	0.997811
3.618340	0.995932
3.622880	0.994948
3.627430	1.001077
3.631970	0.998121
3.636510	0.996462
3.641060	1.000677
3.645600	0.999322
3.650140	0.998227
3.654680	0.995338
3.659230	0.999676
3.663770	0.999711
3.668310	0.996048
3.672850	0.999392
3.677400	1.000254
3.681940	0.995919
3.686480	0.998761
3.691030	0.996542
3.695570	0.997517
3.700110	0.997880
3.704650	0.999800
3.709200	0.994874
3.713740	0.997057
3.718280	0.997151
3.722830	0.995951
3.727370	0.997003
3.731910	0.998753
3.736450	0.994899
3.741000	0.994393
3.745540	0.996582
3.750080	0.993790
3.754630	0.994688
3.759170	0.996748
3.763710	0.993242
3.768250	0.999084
3.772800	0.997356
3.777340	0.994974
3.781880	0.996871
3.786430	0.995611
3.790970	1.001048
3.795510	0.993480
3.800050	0.993618
3.804600	0.995180
3.809140	0.996304
3.813680	0.998352
3.818220	1.001055
3.822770	0.995950
3.827310	0.999527
3.831850	0.995284
3.836400	0.994228
3.840940	0.995040
3.845480	0.999219
3.850020	0.994918
3.854570	0.995878
3.859110	0.997668
3.863650	0.998555
3.868200	0.995323
3.872740	1.002903
3.877280	0.997719
3.881820	1.002311
3.886370	1.001516
3.890910	1.004588
3.895450	1.004123
3.900000	1.005993
3.904540	1.000815
3.909080	0.999965
3.913620	0.997969
3.918170	1.000378
3.922710	1.002174
3.927250	0.998414
3.931790	1.003006
3.936340	0.999421
3.940880	0.996765
3.945420	0.998607
3.949970	1.001663
3.954510	0.996562
3.959050	0.997466
3.963590	0.997305
3.968140	1.000418
3.972680	1.002848
3.977220	0.999175
3.981770	0.996905
3.986310	0.996233
3.990850	0.996385
3.995390	0.997167
3.999940	0.999793
4.004480	0.998805
4.009020	1.000807
4.013570	1.000156
4.018110	0.998465
4.022650	0.998954
4.027190	0.998965
4.031740	0.997470
4.036280	1.001355
4.040820	0.997606
4.045360	1.001102
4.049910	1.000628
4.054450	1.000985
4.058990	1.000696
4.063540	1.003618
4.068080	0.998502
4.072620	0.999400
4.077160	1.001899
4.081710	1.001602
4.086250	0.996320
4.090790	1.000821
4.095340	0.999851
4.099880	1.001636
4.104420	1.002396
4.108960	1.001867
4.113510	1.000100
4.118050	1.001519
4.122590	1.000773
4.127140	1.001923
4.131680	1.001336
4.136220	1.001044
4.140760	1.001306
4.145310	1.002140
4.149850	1.002279
4.154390	1.003408
4.158930	0.999069
4.163480	1.003046
4.168020	0.997403
4.172560	0.998527
4.177110	1.001883
4.181650	0.998797
4.186190	0.997242
4.190730	0.999229
4.195280	1.000099
4.199820	0.998023
4.204360	1.000574
4.208910	1.000064
4.213450	1.000050
4.217990	1.000426
4.222530	0.999514
4.227080	0.999148
4.231620	1.001805
4.236160	0.997921
4.240710	1.002822
4.245250	1.001604
4.249790	0.999594
4.254330	1.003278
4.258880	1.002085
4.263420	0.999300
4.267960	1.003140
4.272500	0.997886
4.277050	1.000850
4.281590	0.999344
4.286130	1.000429
4.290680	1.002590
4.295220	1.002579
4.299760	1.000765
4.304300	1.000017
4.308850	0.999629
4.313390	1.003682
4.317930	0.996791
4.322480	0.998315
4.327020	0.994360
4.331560	0.994614
4.336100	0.999110
4.340650	0.996970
4.345190	0.997566
4.349730	0.997378
4.354280	0.994334
4.358820	0.998997
4.363360	0.997865
4.367900	0.997210
4.372450	0.997769
4.376990	0.999079
4.381530	0.996400
4.386070	0.999015
4.390620	0.996851
4.395160	0.996971
4.399700	0.999144
4.404250	0.997866
4.408790	0.995813
4.413330	0.997692
4.417870	0.998376
4.422420	0.997498
4.426960	0.996431
4.431500	0.997393
4.436050	0.995435
4.440590	0.998801
4.445130	0.997665
4.449670	0.996617
4.454220	0.995571
4.458760	0.997024
4.463300	0.997516
4.467850	0.996012
4.472390	0.994354
4.476930	0.994934
4.481470	0.996112
4.486020	0.997936
4.490560	0.997004
4.495100	0.996063
4.499640	0.997638
4.504190	1.002014
4.508730	0.998021
4.513270	0.995465
4.517820	0.997176
4.522360	0.994981
4.526900	1.000212
4.531440	0.999096
4.535990	0.995956
4.540530	0.999470
