# Average Pressure: -2.9837830793325
# Average Potential Energy per Particle: -2.3333118400000004
# r	g(r)
0.002271	0.000000
0.006814	0.000000
0.011357	0.000000
0.015900	0.000000
0.020443	0.000000
0.024985	0.000000
0.029528	0.000000
0.034071	0.000000
0.038614	0.000000
0.043157	0.000000
0.047699	0.000000
0.052242	0.000000
0.056785	0.000000
0.061328	0.000000
0.065871	0.000000
0.070413	0.000000
0.074956	0.000000
0.079499	0.000000
0.084042	0.000000
0.088585	0.000000
0.093127	0.000000
0.097670	0.000000
0.102213	0.000000
0.106756	0.000000
0.111299	0.000000
0.115841	0.000000
0.120384	0.000000
0.124927	0.000000
0.129470	0.000000
0.134013	0.000000
0.138555	0.000000
0.143098	0.000000
0.147641	0.000000
0.152184	0.000000
0.156727	0.000000
0.161269	0.000000
0.165812	0.000000
0.170355	0.000000
0.174898	0.000000
0.179441	0.000000
0.183983	0.000000
0.188526	0.000000
0.193069	0.000000
0.197612	0.000000
0.202155	0.000000
0.206697	0.000000
0.211240	0.000000
0.215783	0.000000
0.220326	0.000000
0.224869	0.000000
0.229411	0.000000
0.233954	0.000000
0.238497	0.000000
0.243040	0.000000
0.247583	0.000000
0.252125	0.000000
0.256668	0.000000
0.261211	0.000000
0.265754	0.000000
0.270297	0.000000
0.274839	0.000000
0.279382	0.000000
0.283925	0.000000
0.288468	0.000000
0.293011	0.000000
0.297553	0.000000
0.302096	0.000000
0.306639	0.000000
0.311182	0.000000
0.315725	0.000000
0.320268	0.000000
0.324810	0.000000
0.329353	0.000000
0.333896	0.000000
0.338439	0.000000
0.342982	0.000000
0.347524	0.000000
0.352067	0.000000
0.356610	0.000000
0.361153	0.000000
0.365696	0.000000
0.370238	0.000000
0.374781	0.000000
0.379324	0.000000
0.383867	0.000000
0.388410	0.000000
0.392952	0.000000
0.397495	0.000000
0.402038	0.000000
0.406581	0.000000
0.411124	0.000000
0.415666	0.000000
0.420209	0.000000
0.424752	0.000000
0.429295	0.000000
0.433838	0.000000
0.438380	0.000000
0.442923	0.000000
0.447466	0.000000
0.452009	0.000000
0.456552	0.000000
0.461094	0.000000
0.465637	0.000000
0.470180	0.000000
0.474723	0.000000
0.479266	0.000000
0.483808	0.000000
0.488351	0.000000
0.492894	0.000000
0.497437	0.000000
0.501980	0.000000
0.506522	0.000000
0.511065	0.000000
0.515608	0.000000
0.520151	0.000000
0.524694	0.000000
0.529236	0.000000
0.533779	0.000000
0.538322	0.000000
0.542865	0.000000
0.547408	0.000000
0.551950	0.000000
0.556493	0.000000
0.561036	0.000000
0.565579	0.000000
0.570122	0.000000
0.574664	0.000000
0.579207	0.000000
0.583750	0.000000
0.588293	0.000000
0.592836	0.000000
0.597378	0.000000
0.601921	0.000000
0.606464	0.000000
0.611007	0.000000
0.615550	0.000000
0.620092	0.000000
0.624635	0.000000
0.629178	0.000000
0.633721	0.000000
0.638264	0.000000
0.642806	0.000000
0.647349	0.000000
0.651892	0.000000
0.656435	0.000000
0.660978	0.000000
0.665520	0.000000
0.670063	0.000000
0.674606	0.000000
0.679149	0.000000
0.683692	0.000000
0.688234	0.000000
0.692777	0.000000
0.697320	0.000000
0.701863	0.000000
0.706406	0.000000
0.710948	0.000000
0.715491	0.000000
0.720034	0.000000
0.724577	0.000000
0.729120	0.000000
0.733662	0.000000
0.738205	0.000000
0.742748	0.000000
0.747291	0.000000
0.751834	0.000000
0.756376	0.000000
0.760919	0.000000
0.765462	0.000000
0.770005	0.000000
0.774548	0.000000
0.779090	0.000000
0.783633	0.000000
0.788176	0.000000
0.792719	0.000000
0.797262	0.000000
0.801804	0.000000
0.806347	0.000000
0.810890	0.000000
0.815433	0.000000
0.819976	0.000109
0.824518	0.000000
0.829061	0.000000
0.833604	0.000420
0.838147	0.000727
0.842690	0.002261
0.847232	0.002034
0.851775	0.003521
0.856318	0.005375
0.860861	0.008864
0.865404	0.011890
0.869946	0.019289
0.874489	0.027297
0.879032	0.034194
0.883575	0.050672
0.888118	0.069495
0.892660	0.085552
0.897203	0.110710
0.901746	0.135897
0.906289	0.168395
0.910832	0.198040
0.915374	0.235278
0.919917	0.280224
0.924460	0.326756
0.929003	0.374648
0.933546	0.424192
0.938089	0.472263
0.942631	0.541897
0.947174	0.605540
0.951717	0.654568
0.956260	0.707270
0.960803	0.770176
0.965345	0.832260
0.969888	0.890124
0.974431	0.948719
0.978974	1.003146
0.983517	1.064149
0.988059	1.107767
0.992602	1.161064
0.997145	1.191910
1.001690	1.247465
1.006230	1.289501
1.010770	1.320012
1.015320	1.348302
1.019860	1.385509
1.024400	1.420542
1.028940	1.460907
1.033490	1.459979
1.038030	1.492004
1.042570	1.495684
1.047120	1.528267
1.051660	1.537794
1.056200	1.556586
1.060740	1.588044
1.065290	1.590157
1.069830	1.590521
1.074370	1.617631
1.078920	1.583534
1.083460	1.598137
1.088000	1.600111
1.092540	1.598509
1.097090	1.594094
1.101630	1.586688
1.106170	1.594737
1.110710	1.578170
1.115260	1.580304
1.119800	1.564888
1.124340	1.562025
1.128890	1.564599
1.133430	1.541061
1.137970	1.553749
1.142510	1.544215
1.147060	1.544489
1.151600	1.537446
1.156140	1.521185
1.160690	1.493371
1.165230	1.519217
1.169770	1.477678
1.174310	1.471559
1.178860	1.467015
1.183400	1.453166
1.187940	1.443832
1.192490	1.429106
1.197030	1.424799
1.201570	1.403379
1.206110	1.386958
1.210660	1.397782
1.215200	1.370992
1.219740	1.363399
1.224280	1.358217
1.228830	1.348000
1.233370	1.340152
1.237910	1.324951
1.242460	1.313958
1.247000	1.311442
1.251540	1.294296
1.256080	1.276022
1.260630	1.289117
1.265170	1.293056
1.269710	1.258964
1.274260	1.277108
1.278800	1.247210
1.283340	1.251114
1.287880	1.238080
1.292430	1.228473
1.296970	1.229991
1.301510	1.208408
1.306060	1.198817
1.310600	1.184275
1.315140	1.184757
1.319680	1.177579
1.324230	1.167643
1.328770	1.165747
1.333310	1.175595
1.337860	1.143484
1.342400	1.141266
1.346940	1.137202
1.351480	1.136083
1.356030	1.135351
1.360570	1.120094
1.365110	1.121033
1.369650	1.106490
1.374200	1.103011
1.378740	1.096331
1.383280	1.083420
1.387830	1.086079
1.392370	1.076141
1.396910	1.070987
1.401450	1.061007
1.406000	1.074358
1.410540	1.065872
1.415080	1.045625
1.419630	1.056473
1.424170	1.037005
1.428710	1.040649
1.433250	1.036583
1.437800	1.038553
1.442340	1.025777
1.446880	1.018789
1.451430	1.029015
1.455970	1.028044
1.460510	1.021659
1.465050	1.020365
1.469600	0.992980
1.474140	1.012495
1.478680	1.013428
1.483220	1.002750
1.487770	0.989415
1.492310	0.995265
1.496850	0.985063
1.501400	0.994621
1.505940	0.977138
1.510480	0.988513
1.515020	0.981799
1.519570	0.970596
1.524110	0.974842
1.528650	0.974710
1.533200	0.968197
1.537740	0.966991
1.542280	0.963635
1.546820	0.963537
1.551370	0.962540
1.555910	0.958256
1.560450	0.957090
1.565000	0.958067
1.569540	0.958041
1.574080	0.944211
1.578620	0.945815
1.583170	0.944297
1.587710	0.938292
1.592250	0.948292
1.596790	0.940528
1.601340	0.942457
1.605880	0.943387
1.610420	0.938550
1.614970	0.944305
1.619510	0.943160
1.624050	0.934792
1.628590	0.945545
1.633140	0.938267
1.637680	0.927055
1.642220	0.929186
1.646770	0.923312
1.651310	0.923218
1.655850	0.938550
1.660390	0.926512
1.664940	0.929282
1.669480	0.929340
1.674020	0.921853
1.678570	0.935652
1.683110	0.924037
1.687650	0.927501
1.692190	0.922297
1.696740	0.923654
1.701280	0.918374
1.705820	0.922746
1.710360	0.925186
1.714910	0.925949
1.719450	0.921286
1.723990	0.926235
1.728540	0.923913
1.733080	0.931858
1.737620	0.916815
1.742160	0.931543
1.746710	0.930100
1.751250	0.928494
1.755790	0.928265
1.760340	0.924375
1.764880	0.931785
1.769420	0.936681
1.773960	0.926578
1.778510	0.934752
1.783050	0.940485
1.787590	0.936807
1.792140	0.928314
1.796680	0.937576
1.801220	0.943291
1.805760	0.935284
1.810310	0.942132
1.814850	0.944423
1.819390	0.947099
1.823930	0.949804
1.828480	0.948474
1.833020	0.950275
1.837560	0.950877
1.842110	0.958001
1.846650	0.947194
1.851190	0.955798
1.855730	0.951930
1.860280	0.953972
1.864820	0.947819
1.869360	0.951991
1.873910	0.954676
1.878450	0.956331
1.882990	0.957281
1.887530	0.952350
1.892080	0.955979
1.896620	0.962605
1.901160	0.960554
1.905710	0.967837
1.910250	0.970482
1.914790	0.964947
1.919330	0.967497
1.923880	0.972478
1.928420	0.969471
1.932960	0.980119
1.937500	0.970978
1.942050	0.977084
1.946590	0.977344
1.951130	0.974583
1.955680	0.979658
1.960220	0.984431
1.964760	0.991340
1.969300	0.984194
1.973850	0.983398
1.978390	0.986160
1.982930	0.992804
1.987480	0.994865
1.992020	0.990609
1.996560	0.991469
2.001100	1.002213
2.005650	0.995718
2.010190	1.001808
2.014730	0.996073
2.019280	0.993708
2.023820	1.000887
2.028360	1.007569
2.032900	1.002610
2.037450	0.999218
2.041990	0.999713
2.046530	1.011295
2.051070	1.007879
2.055620	1.010339
2.060160	1.007314
2.064700	1.014837
2.069250	1.006909
2.073790	1.021527
2.078330	1.015125
2.082870	1.016202
2.087420	1.022035
2.091960	1.011180
2.096500	1.024605
2.101050	1.015400
2.105590	1.021181
2.110130	1.024986
2.114670	1.024699
2.119220	1.019595
2.123760	1.018460
2.128300	1.023477
2.132850	1.023294
2.137390	1.029925
2.141930	1.019499
2.146470	1.023647
2.151020	1.024819
2.155560	1.026127
2.160100	1.023145
2.164640	1.025149
2.169190	1.022597
2.173730	1.019098
2.178270	1.030328
2.182820	1.022306
2.187360	1.024106
2.191900	1.024711
2.196440	1.031294
2.200990	1.030792
2.205530	1.024434
2.210070	1.023799
2.214620	1.028934
2.219160	1.020665
2.223700	1.023422
2.228240	1.024927
2.232790	1.020205
2.237330	1.023882
2.241870	1.017268
2.246420	1.027317
2.250960	1.021576
2.255500	1.020305
2.260040	1.023509
2.264590	1.021600
2.269130	1.020192
2.273670	1.019706
2.278210	1.018007
2.282760	1.012137
2.287300	1.017077
2.291840	1.020066
2.296390	1.017543
2.300930	1.016177
2.305470	1.023244
2.310010	1.014641
2.314560	1.020976
2.319100	1.020115
2.323640	1.012764
2.328190	1.016921
2.332730	1.021710
2.337270	1.016833
2.341810	1.007368
2.346360	1.012672
2.350900	1.011946
2.355440	1.013901
2.359990	1.015087
2.364530	1.005157
2.369070	1.015989
2.373610	1.009550
2.378160	1.009441
2.382700	1.007897
2.387240	1.014475
2.391780	1.013766
2.396330	1.010294
2.400870	1.012666
2.405410	1.005149
2.409960	1.013339
2.414500	1.021899
2.419040	1.013613
2.423580	1.004747
2.428130	1.016551
2.432670	1.005839
2.437210	1.008949
2.441760	1.010830
2.446300	1.009457
2.450840	1.006314
2.455380	1.001154
2.459930	1.001524
2.464470	1.005658
2.469010	1.004331
2.473560	1.004010
2.478100	1.000428
2.482640	1.002253
2.487180	0.999196
2.491730	0.995592
2.496270	1.004493
2.500810	1.001453
2.505360	1.004232
2.509900	0.999582
2.514440	1.000694
2.518980	0.996087
2.523530	1.003919
2.528070	1.008481
2.532610	1.001998
2.537150	1.003062
2.541700	1.002665
2.546240	1.001894
2.550780	0.996410
2.555330	1.004105
2.559870	0.999498
2.564410	0.998090
2.568950	0.999208
2.573500	1.001844
2.578040	0.995967
2.582580	0.991897
2.587130	1.001917
2.591670	1.000429
2.596210	0.997158
2.600750	0.999752
2.605300	0.999968
2.609840	0.997251
2.614380	0.993084
2.618930	0.991918
2.623470	0.997012
2.628010	0.994657
2.632550	0.998653
2.637100	0.996663
2.641640	0.996721
2.646180	0.991675
2.650720	0.997536
2.655270	0.992178
2.659810	0.994074
2.664350	0.993392
2.668900	0.995588
2.673440	0.995577
2.677980	0.996091
2.682520	0.990386
2.687070	0.997685
2.691610	0.991317
2.696150	0.997910
2.700700	0.999159
2.705240	0.991478
2.709780	0.995233
2.714320	0.991459
2.718870	0.988573
2.723410	0.987216
2.727950	0.998466
2.732500	0.989069
2.737040	0.988380
2.741580	0.990234
2.746120	0.995914
2.750670	0.991778
2.755210	0.991981
2.759750	1.000430
2.764290	0.991518
2.768840	0.995036
2.773380	0.990773
2.777920	0.994733
2.782470	0.992912
2.787010	0.996132
2.791550	0.995215
2.796090	0.995150
2.800640	0.995311
2.805180	0.995003
2.809720	0.987506
2.814270	0.993399
2.818810	0.996951
2.823350	0.994203
2.827890	0.999344
2.832440	0.994567
2.836980	0.997633
2.841520	0.992872
2.846070	0.994760
2.850610	0.998824
2.855150	0.994403
2.859690	0.998547
2.864240	0.997384
2.868780	1.000294
2.873320	0.997160
2.877860	1.002255
2.882410	0.995752
2.886950	0.999038
2.891490	1.006569
2.896040	0.999690
2.900580	1.002989
2.905120	1.003201
2.909660	1.002063
2.914210	1.003547
2.918750	1.000213
2.923290	0.996448
2.927840	1.001294
2.932380	1.004195
2.936920	0.996953
2.941460	0.993539
2.946010	1.002302
2.950550	0.996484
2.955090	0.993531
2.959640	0.998575
2.964180	0.997227
2.968720	0.993325
2.973260	0.995031
2.977810	0.993446
2.982350	0.999178
2.986890	1.000534
2.991430	1.001787
2.995980	0.994329
3.000520	0.999151
3.005060	0.996304
3.009610	1.000517
3.014150	0.998958
3.018690	1.003706
3.023230	0.998465
3.027780	0.997915
3.032320	1.001880
3.036860	0.999717
3.041410	0.998760
3.045950	0.998230
3.050490	0.998090
3.055030	0.998730
3.059580	0.998682
3.064120	0.998374
3.068660	0.998799
3.073210	1.002348
3.077750	0.998598
3.082290	0.999351
3.086830	0.996543
3.091380	0.995983
3.095920	0.997997
3.100460	1.002911
3.105000	1.003158
3.109550	1.004230
3.114090	1.002039
3.118630	0.999115
3.123180	1.004053
3.127720	0.995423
3.132260	0.996354
3.136800	1.000109
3.141350	1.002722
3.145890	1.006716
3.150430	0.995328
3.154980	1.003097
3.159520	0.993042
3.164060	1.003891
3.168600	1.001247
3.173150	1.003239
3.177690	1.007796
3.182230	1.003502
3.186780	1.002166
3.191320	1.001472
3.195860	1.000349
3.200400	0.998837
3.204950	1.003603
3.209490	1.000331
3.214030	1.004296
3.218570	0.999892
3.223120	0.999015
3.227660	1.001466
3.232200	1.000560
3.236750	1.000443
3.241290	1.002157
3.245830	1.002595
3.250370	1.003802
3.254920	1.004598
3.259460	0.999815
3.264000	0.998849
3.268550	0.999094
3.273090	1.000608
3.277630	1.001206
3.282170	1.001959
3.286720	0.996685
3.291260	0.998215
3.295800	0.992090
3.300350	1.001544
3.304890	1.001186
3.309430	1.000964
3.313970	0.999438
3.318520	1.002913
3.323060	0.998872
3.327600	1.000516
3.332140	0.999335
3.336690	0.998641
3.341230	0.999523
3.345770	0.998024
3.350320	0.993089
3.354860	0.997780
3.359400	0.997116
3.363940	1.000968
3.368490	1.001417
3.373030	0.998170
3.377570	0.998469
3.382120	0.995942
3.386660	1.000169
3.391200	0.998323
3.395740	0.998350
3.400290	0.994895
3.404830	0.994754
3.409370	0.995458
3.413920	0.998546
3.418460	1.001236
3.423000	0.997035
3.427540	0.994244
3.432090	0.993727
3.436630	0.993016
3.441170	0.994311
3.445710	0.998692
3.450260	0.997862
3.454800	0.998822
3.459340	0.996866
3.463890	1.002642
3.468430	0.989260
3.472970	1.002800
3.477510	0.995589
3.482060	0.997923
3.486600	1.000002
3.491140	0.998778
3.495690	1.000000
3.500230	0.995943
3.504770	0.995767
3.509310	0.996468
3.513860	0.997813
3.518400	1.000869
3.522940	0.997595
3.527490	0.999784
3.532030	0.995371
3.536570	0.999182
3.541110	0.997726
3.545660	0.997378
3.550200	0.997022
3.554740	0.997091
3.559280	0.997440
3.563830	0.999025
3.568370	1.000450
3.572910	0.994985
3.577460	0.998380
3.582000	0.997124
3.586540	0.992789
3.591080	0.994756
3.595630	1.001723
3.600170	0.993796
3.604710	0.994483
3.609260	0.998072
3.613800	0.997140
3.618340	0.992498
3.622880	0.993313
3.627430	0.994687
3.631970	0.996694
3.636510	1.001347
3.641060	0.998431
3.645600	0.996460
3.650140	0.996266
3.654680	1.001157
3.659230	1.001960
3.663770	1.001728
3.668310	0.999102
3.672850	0.994749
3.677400	0.998538
3.681940	0.999854
3.686480	0.997204
3.691030	0.995936
3.695570	0.996619
3.700110	0.997293
3.704650	0.994934
3.709200	0.993744
3.713740	0.996046
3.718280	0.999152
3.722830	0.995440
3.727370	0.994502
3.731910	0.998476
3.736450	0.996018
3.741000	0.991749
3.745540	0.995729
3.750080	0.994896
3.754630	0.999177
3.759170	1.000106
3.763710	0.996704
3.768250	0.999392
3.772800	0.994587
3.777340	0.994882
3.781880	0.994886
3.786430	1.002326
3.790970	0.999484
3.795510	1.001500
3.800050	1.001053
3.804600	0.998846
3.809140	0.994166
3.813680	0.996847
3.818220	0.994321
3.822770	0.997509
3.827310	0.995874
3.831850	1.002810
3.836400	0.997977
3.840940	0.996029
3.845480	0.996030
3.850020	0.999788
3.854570	0.999273
3.859110	0.999280
3.863650	1.002770
3.868200	1.001450
3.872740	0.999725
3.877280	1.001691
3.881820	0.999971
3.886370	1.000386
3.890910	1.002818
3.895450	1.002786
3.900000	1.001468
3.904540	1.001404
3.909080	1.005669
3.913620	1.003230
3.918170	0.998752
3.922710	0.998227
3.927250	0.999825
3.931790	0.994913
3.936340	0.999284
3.940880	0.998359
3.945420	1.001955
3.949970	0.998889
3.954510	1.002336
3.959050	0.996679
3.963590	0.996185
3.968140	1.001271
3.972680	1.005415
3.977220	0.998317
3.981770	0.999741
3.986310	0.997000
3.990850	1.001559
3.995390	0.996243
3.999940	1.001194
4.004480	0.998946
4.009020	1.000607
4.013570	1.001071
4.018110	1.001458
4.022650	1.000690
4.027190	0.997147
4.031740	0.999360
4.036280	0.997824
4.040820	0.996086
4.045360	0.997355
4.049910	0.995769
4.054450	0.995604
4.058990	0.998392
4.063540	0.995449
4.068080	0.996301
4.072620	0.996448
4.077160	0.998878
4.081710	0.999872
4.086250	0.996582
4.090790	0.996482
4.095340	1.002140
4.099880	0.999452
4.104420	1.003769
4.108960	1.002710
4.113510	1.001079
4.118050	1.003279
4.122590	0.996654
4.127140	0.998838
4.131680	0.999236
4.136220	1.001642
4.140760	0.999982
4.145310	0.999681
4.149850	0.997134
4.154390	0.996527
4.158930	0.999112
4.163480	0.997715
4.168020	0.996163
4.172560	0.997533
4.177110	0.995817
4.181650	0.994623
4.186190	0.998491
4.190730	0.993906
4.195280	0.996171
4.199820	0.997344
4.204360	0.994013
4.208910	0.993299
4.213450	0.999388
4.217990	0.995806
4.222530	0.998048
4.227080	0.997555
4.231620	0.996812
4.236160	0.997742
4.240710	0.997590
4.245250	0.999692
4.249790	0.999060
4.254330	0.995697
4.258880	0.995574
4.263420	0.996256
4.267960	0.997479
4.272500	0.999277
4.277050	0.997586
4.281590	0.995415
4.286130	0.995534
4.290680	0.994204
4.295220	0.997357
4.299760	0.997449
4.304300	1.001247
4.308850	0.997317
4.313390	0.996656
4.317930	1.000675
4.322480	1.000691
4.327020	0.999818
4.331560	0.997193
4.336100	0.998035
4.340650	0.998198
4.345190	0.997883
4.349730	0.998126
4.354280	0.997395
4.358820	0.996612
4.363360	0.996861
4.367900	0.994727
4.372450	0.997743
4.376990	0.997696
4.381530	1.001308
4.386070	0.998146
4.390620	0.998486
4.395160	0.996042
4.399700	0.997587
4.404250	1.002404
4.408790	0.997360
4.413330	0.996651
4.417870	0.994599
4.422420	1.002017
4.426960	1.000479
4.431500	0.999797
4.436050	0.998043
4.440590	1.001307
4.445130	0.997358
4.449670	1.000056
4.454220	1.000817
4.458760	1.001456
4.463300	0.999165
4.467850	1.001485
4.472390	0.998605
4.476930	0.995859
4.481470	0.999390
4.486020	0.998611
4.490560	0.998543
4.495100	1.001456
4.499640	0.998096
4.504190	0.998884
4.508730	0.998833
4.513270	0.998539
4.517820	0.997502
4.522360	0.997165
4.526900	0.996903
4.531440	0.998356
4.535990	0.999886
4.540530	1.003421
