# Average Pressure: -184.28946692500003
# Average Potential Energy per Particle: -3.2997479524999997
# r	g(r)
0.001733	0.000000
0.005200	0.000000
0.008667	0.000000
0.012134	0.000000
0.015601	0.000000
0.019067	0.000000
0.022534	0.000000
0.026001	0.000000
0.029468	0.000000
0.032935	0.000000
0.036402	0.000000
0.039868	0.000000
0.043335	0.000000
0.046802	0.000000
0.050269	0.000000
0.053735	0.000000
0.057202	0.000000
0.060669	0.000000
0.064136	0.000000
0.067603	0.000000
0.071069	0.000000
0.074536	0.000000
0.078003	0.000000
0.081470	0.000000
0.084937	0.000000
0.088404	0.000000
0.091870	0.000000
0.095337	0.000000
0.098804	0.000000
0.102271	0.000000
0.105738	0.000000
0.109204	0.000000
0.112671	0.000000
0.116138	0.000000
0.119605	0.000000
0.123072	0.000000
0.126538	0.000000
0.130005	0.000000
0.133472	0.000000
0.136939	0.000000
0.140406	0.000000
0.143872	0.000000
0.147339	0.000000
0.150806	0.000000
0.154273	0.000000
0.157740	0.000000
0.161206	0.000000
0.164673	0.000000
0.168140	0.000000
0.171607	0.000000
0.175074	0.000000
0.178541	0.000000
0.182007	0.000000
0.185474	0.000000
0.188941	0.000000
0.192408	0.000000
0.195875	0.000000
0.199341	0.000000
0.202808	0.000000
0.206275	0.000000
0.209742	0.000000
0.213209	0.000000
0.216675	0.000000
0.220142	0.000000
0.223609	0.000000
0.227076	0.000000
0.230543	0.000000
0.234009	0.000000
0.237476	0.000000
0.240943	0.000000
0.244410	0.000000
0.247877	0.000000
0.251343	0.000000
0.254810	0.000000
0.258277	0.000000
0.261744	0.000000
0.265211	0.000000
0.268677	0.000000
0.272144	0.000000
0.275611	0.000000
0.279078	0.000000
0.282545	0.000000
0.286012	0.000000
0.289478	0.000000
0.292945	0.000000
0.296412	0.000000
0.299879	0.000000
0.303346	0.000000
0.306812	0.000000
0.310279	0.000000
0.313746	0.000000
0.317213	0.000000
0.320680	0.000000
0.324146	0.000000
0.327613	0.000000
0.331080	0.000000
0.334547	0.000000
0.338014	0.000000
0.341480	0.000000
0.344947	0.000000
0.348414	0.000000
0.351881	0.000000
0.355348	0.000000
0.358814	0.000000
0.362281	0.000000
0.365748	0.000000
0.369215	0.000000
0.372682	0.000000
0.376148	0.000000
0.379615	0.000000
0.383082	0.000000
0.386549	0.000000
0.390016	0.000000
0.393483	0.000000
0.396949	0.000000
0.400416	0.000000
0.403883	0.000000
0.407350	0.000000
0.410817	0.000000
0.414283	0.000000
0.417750	0.000000
0.421217	0.000000
0.424684	0.000000
0.428151	0.000000
0.431617	0.000000
0.435084	0.000000
0.438551	0.000000
0.442018	0.000000
0.445485	0.000000
0.448951	0.000000
0.452418	0.000000
0.455885	0.000000
0.459352	0.000000
0.462819	0.000000
0.466285	0.000000
0.469752	0.000000
0.473219	0.000000
0.476686	0.000000
0.480153	0.000000
0.483619	0.000000
0.487086	0.000000
0.490553	0.000000
0.494020	0.000000
0.497487	0.000000
0.500954	0.000000
0.504420	0.000000
0.507887	0.000000
0.511354	0.000000
0.514821	0.000000
0.518288	0.000000
0.521754	0.000000
0.525221	0.000000
0.528688	0.000000
0.532155	0.000000
0.535622	0.000000
0.539088	0.000000
0.542555	0.000000
0.546022	0.000000
0.549489	0.000000
0.552956	0.000000
0.556422	0.000000
0.559889	0.000000
0.563356	0.000000
0.566823	0.000000
0.570290	0.000000
0.573756	0.000000
0.577223	0.000000
0.580690	0.000000
0.584157	0.000000
0.587624	0.000000
0.591090	0.000000
0.594557	0.000000
0.598024	0.000000
0.601491	0.000000
0.604958	0.000000
0.608425	0.000000
0.611891	0.000000
0.615358	0.000000
0.618825	0.000000
0.622292	0.000000
0.625759	0.000000
0.629225	0.000000
0.632692	0.000000
0.636159	0.000000
0.639626	0.000000
0.643093	0.000000
0.646559	0.000000
0.650026	0.000000
0.653493	0.000000
0.656960	0.000000
0.660427	0.000000
0.663893	0.000000
0.667360	0.000000
0.670827	0.000000
0.674294	0.000000
0.677761	0.000000
0.681227	0.000000
0.684694	0.000000
0.688161	0.000000
0.691628	0.000000
0.695095	0.000000
0.698561	0.000000
0.702028	0.000000
0.705495	0.000000
0.708962	0.000000
0.712429	0.000000
0.715896	0.000000
0.719362	0.000000
0.722829	0.000000
0.726296	0.000000
0.729763	0.000000
0.733230	0.000000
0.736696	0.000000
0.740163	0.000000
0.743630	0.000000
0.747097	0.000000
0.750564	0.000000
0.754030	0.000000
0.757497	0.000000
0.760964	0.000000
0.764431	0.000000
0.767898	0.000000
0.771364	0.000000
0.774831	0.000000
0.778298	0.000000
0.781765	0.000000
0.785232	0.000000
0.788698	0.000137
0.792165	0.000068
0.795632	0.000336
0.799099	0.000133
0.802566	0.000330
0.806032	0.000523
0.809499	0.001362
0.812966	0.001994
0.816433	0.002742
0.819900	0.004173
0.823367	0.006396
0.826833	0.009202
0.830300	0.009619
0.833767	0.014492
0.837234	0.022559
0.840701	0.031455
0.844167	0.040860
0.847634	0.051649
0.851101	0.066369
0.854568	0.081664
0.858035	0.101675
0.861501	0.132760
0.864968	0.162492
0.868435	0.188082
0.871902	0.228358
0.875369	0.274094
0.878835	0.307324
0.882302	0.359191
0.885769	0.407258
0.889236	0.470693
0.892703	0.530839
0.896169	0.592053
0.899636	0.661396
0.903103	0.733567
0.906570	0.788273
0.910037	0.873745
0.913503	0.951530
0.916970	1.008755
0.920437	1.103074
0.923904	1.163532
0.927371	1.232499
0.930838	1.310513
0.934304	1.391915
0.937771	1.454387
0.941238	1.523439
0.944705	1.595009
0.948172	1.642943
0.951638	1.712196
0.955105	1.759714
0.958572	1.819962
0.962039	1.853762
0.965506	1.917627
0.968972	1.949158
0.972439	1.992866
0.975906	2.016762
0.979373	2.069249
0.982840	2.088781
0.986306	2.121271
0.989773	2.129607
0.993240	2.146522
0.996707	2.178855
1.000170	2.182049
1.003640	2.176200
1.007110	2.190161
1.010570	2.203672
1.014040	2.202478
1.017510	2.192461
1.020970	2.207734
1.024440	2.183987
1.027910	2.192534
1.031370	2.172304
1.034840	2.154083
1.038310	2.153758
1.041780	2.134396
1.045240	2.130885
1.048710	2.106149
1.052180	2.082579
1.055640	2.092611
1.059110	2.057599
1.062580	2.066144
1.066040	2.026768
1.069510	2.014171
1.072980	1.983564
1.076440	1.963471
1.079910	1.951285
1.083380	1.931139
1.086840	1.918480
1.090310	1.885201
1.093780	1.867088
1.097240	1.838184
1.100710	1.841814
1.104180	1.812940
1.107640	1.770531
1.111110	1.748963
1.114580	1.745081
1.118050	1.723326
1.121510	1.695487
1.124980	1.668996
1.128450	1.637561
1.131910	1.630564
1.135380	1.607169
1.138850	1.589794
1.142310	1.563643
1.145780	1.541309
1.149250	1.528096
1.152710	1.502380
1.156180	1.490109
1.159650	1.471698
1.163110	1.451973
1.166580	1.419897
1.170050	1.394883
1.173510	1.391346
1.176980	1.374387
1.180450	1.371056
1.183910	1.339745
1.187380	1.330669
1.190850	1.320143
1.194310	1.297976
1.197780	1.287570
1.201250	1.275200
1.204720	1.251587
1.208180	1.235213
1.211650	1.232352
1.215120	1.214161
1.218580	1.192263
1.222050	1.183486
1.225520	1.160865
1.228980	1.165075
1.232450	1.149968
1.235920	1.133479
1.239380	1.121639
1.242850	1.106420
1.246320	1.100520
1.249780	1.088082
1.253250	1.076008
1.256720	1.059340
1.260180	1.051378
1.263650	1.045270
1.267120	1.037203
1.270580	1.036000
1.274050	1.021232
1.277520	1.006579
1.280980	0.997124
1.284450	0.980539
1.287920	0.983982
1.291390	0.968560
1.294850	0.965638
1.298320	0.951258
1.301790	0.947403
1.305250	0.938834
1.308720	0.936174
1.312190	0.913781
1.315650	0.915626
1.319120	0.903442
1.322590	0.907970
1.326050	0.893874
1.329520	0.886693
1.332990	0.881513
1.336450	0.881206
1.339920	0.865002
1.343390	0.861604
1.346850	0.855558
1.350320	0.853105
1.353790	0.852986
1.357250	0.847020
1.360720	0.838070
1.364190	0.840532
1.367660	0.832390
1.371120	0.829791
1.374590	0.818682
1.378060	0.817187
1.381520	0.810173
1.384990	0.811130
1.388460	0.804769
1.391920	0.803442
1.395390	0.800677
1.398860	0.800885
1.402320	0.793471
1.405790	0.802145
1.409260	0.789685
1.412720	0.784174
1.416190	0.775676
1.419660	0.776195
1.423120	0.771243
1.426590	0.770590
1.430060	0.771057
1.433520	0.768015
1.436990	0.767381
1.440460	0.760147
1.443920	0.764066
1.447390	0.763088
1.450860	0.757143
1.454330	0.754563
1.457790	0.750779
1.461260	0.751162
1.464730	0.745550
1.468190	0.748994
1.471660	0.743252
1.475130	0.744353
1.478590	0.748527
1.482060	0.744352
1.485530	0.745543
1.488990	0.742900
1.492460	0.740006
1.495930	0.738670
1.499390	0.743917
1.502860	0.735031
1.506330	0.731652
1.509790	0.742916
1.513260	0.738161
1.516730	0.742458
1.520190	0.736372
1.523660	0.739726
1.527130	0.742879
1.530600	0.744343
1.534060	0.749148
1.537530	0.740271
1.541000	0.739289
1.544460	0.742887
1.547930	0.749587
1.551400	0.751027
1.554860	0.752692
1.558330	0.743571
1.561800	0.751305
1.565260	0.753549
1.568730	0.753073
1.572200	0.753452
1.575660	0.759061
1.579130	0.762703
1.582600	0.761114
1.586060	0.761322
1.589530	0.770740
1.593000	0.768629
1.596460	0.772032
1.599930	0.769205
1.603400	0.774860
1.606860	0.783094
1.610330	0.780824
1.613800	0.781586
1.617270	0.793044
1.620730	0.793766
1.624200	0.791395
1.627670	0.799933
1.631130	0.794220
1.634600	0.800177
1.638070	0.806916
1.641530	0.805547
1.645000	0.810056
1.648470	0.812393
1.651930	0.821169
1.655400	0.828266
1.658870	0.830259
1.662330	0.827216
1.665800	0.841178
1.669270	0.831129
1.672730	0.844793
1.676200	0.851983
1.679670	0.851498
1.683130	0.853200
1.686600	0.859230
1.690070	0.862793
1.693530	0.863621
1.697000	0.867064
1.700470	0.878673
1.703940	0.880679
1.707400	0.877063
1.710870	0.894656
1.714340	0.896118
1.717800	0.897317
1.721270	0.905298
1.724740	0.908035
1.728200	0.915810
1.731670	0.916981
1.735140	0.918996
1.738600	0.924532
1.742070	0.930142
1.745540	0.935951
1.749000	0.942416
1.752470	0.942124
1.755940	0.945729
1.759400	0.958044
1.762870	0.959601
1.766340	0.967459
1.769800	0.968083
1.773270	0.971087
1.776740	0.978423
1.780210	0.981337
1.783670	0.991047
1.787140	0.994365
1.790610	0.992879
1.794070	1.001499
1.797540	1.001377
1.801010	1.006018
1.804470	1.012389
1.807940	1.016197
1.811410	1.019201
1.814870	1.030670
1.818340	1.035590
1.821810	1.041319
1.825270	1.051085
1.828740	1.038829
1.832210	1.055578
1.835670	1.059152
1.839140	1.058430
1.842610	1.070213
1.846070	1.068257
1.849540	1.073575
1.853010	1.085371
1.856470	1.079779
1.859940	1.078853
1.863410	1.091749
1.866880	1.099492
1.870340	1.085930
1.873810	1.099555
1.877280	1.098054
1.880740	1.107204
1.884210	1.105313
1.887680	1.118721
1.891140	1.115753
1.894610	1.126062
1.898080	1.126553
1.901540	1.129550
1.905010	1.132166
1.908480	1.130355
1.911940	1.127399
1.915410	1.136995
1.918880	1.137530
1.922340	1.133154
1.925810	1.139554
1.929280	1.142269
1.932740	1.144832
1.936210	1.149965
1.939680	1.146593
1.943140	1.144453
1.946610	1.148703
1.950080	1.149205
1.953550	1.149631
1.957010	1.156415
1.960480	1.158888
1.963950	1.158282
1.967410	1.156346
1.970880	1.158562
1.974350	1.157790
1.977810	1.159147
1.981280	1.156404
1.984750	1.158076
1.988210	1.158805
1.991680	1.158953
1.995150	1.157428
1.998610	1.152681
2.002080	1.157654
2.005550	1.150295
2.009010	1.154881
2.012480	1.152542
2.015950	1.142306
2.019410	1.152323
2.022880	1.149188
2.026350	1.142090
2.029820	1.139833
2.033280	1.146283
2.036750	1.139689
2.040220	1.137351
2.043680	1.135330
2.047150	1.139448
2.050620	1.127290
2.054080	1.133048
2.057550	1.127817
2.061020	1.122465
2.064480	1.118898
2.067950	1.118499
2.071420	1.115065
2.074880	1.122154
2.078350	1.114320
2.081820	1.114436
2.085280	1.107088
2.088750	1.101575
2.092220	1.098500
2.095680	1.099998
2.099150	1.095529
2.102620	1.093909
2.106080	1.091711
2.109550	1.088363
2.113020	1.086842
2.116490	1.081074
2.119950	1.080898
2.123420	1.076007
2.126890	1.074924
2.130350	1.074435
2.133820	1.070546
2.137290	1.073133
2.140750	1.065709
2.144220	1.063190
2.147690	1.058019
2.151150	1.062337
2.154620	1.054717
2.158090	1.053823
2.161550	1.051110
2.165020	1.044745
2.168490	1.043178
2.171950	1.045005
2.175420	1.036001
2.178890	1.038123
2.182350	1.037344
2.185820	1.030738
2.189290	1.031894
2.192760	1.029357
2.196220	1.024049
2.199690	1.024637
2.203160	1.022053
2.206620	1.012471
2.210090	1.015660
2.213560	1.017407
2.217020	1.005104
2.220490	1.014296
2.223960	1.009443
2.227420	1.001892
2.230890	0.999403
2.234360	1.006139
2.237820	0.994850
2.241290	0.992358
2.244760	0.990384
2.248220	0.986886
2.251690	0.993315
2.255160	0.989152
2.258620	0.983285
2.262090	0.980680
2.265560	0.984414
2.269020	0.977519
2.272490	0.976976
2.275960	0.965582
2.279430	0.972915
2.282890	0.971731
2.286360	0.968055
2.289830	0.968588
2.293290	0.971062
2.296760	0.966971
2.300230	0.964669
2.303690	0.962488
2.307160	0.954048
2.310630	0.957397
2.314090	0.956333
2.317560	0.951543
2.321030	0.949318
2.324490	0.950045
2.327960	0.948001
2.331430	0.945473
2.334890	0.943650
2.338360	0.947330
2.341830	0.943814
2.345290	0.940833
2.348760	0.940870
2.352230	0.941094
2.355690	0.936144
2.359160	0.943636
2.362630	0.940153
2.366100	0.938478
2.369560	0.933591
2.373030	0.937848
2.376500	0.932479
2.379960	0.933510
2.383430	0.928537
2.386900	0.932675
2.390360	0.934339
2.393830	0.935699
2.397300	0.933898
2.400760	0.939057
2.404230	0.935453
2.407700	0.932527
2.411160	0.932684
2.414630	0.932020
2.418100	0.928993
2.421560	0.933041
2.425030	0.932124
2.428500	0.932024
2.431960	0.929663
2.435430	0.933482
2.438900	0.927907
2.442370	0.933042
2.445830	0.938720
2.449300	0.930750
2.452770	0.932064
2.456230	0.931027
2.459700	0.927730
2.463170	0.930382
2.466630	0.931485
2.470100	0.931401
2.473570	0.931356
2.477030	0.931452
2.480500	0.932305
2.483970	0.931344
2.487430	0.935037
2.490900	0.936285
2.494370	0.934880
2.497830	0.935693
2.501300	0.935499
2.504770	0.931231
2.508230	0.935693
2.511700	0.940099
2.515170	0.936333
2.518630	0.942240
2.522100	0.943556
2.525570	0.941413
2.529040	0.945167
2.532500	0.947273
2.535970	0.941910
2.539440	0.945305
2.542900	0.947127
2.546370	0.947722
2.549840	0.947128
2.553300	0.951900
2.556770	0.950146
2.560240	0.954701
2.563700	0.949619
2.567170	0.953020
2.570640	0.954118
2.574100	0.955759
2.577570	0.957669
2.581040	0.959941
2.584500	0.958322
2.587970	0.957368
2.591440	0.957783
2.594900	0.960352
2.598370	0.957897
2.601840	0.966448
2.605300	0.959938
2.608770	0.963529
2.612240	0.970417
2.615710	0.965274
2.619170	0.966606
2.622640	0.969860
2.626110	0.973416
2.629570	0.972516
2.633040	0.976083
2.636510	0.972454
2.639970	0.972043
2.643440	0.977701
2.646910	0.977617
2.650370	0.979744
2.653840	0.976957
2.657310	0.984156
2.660770	0.983748
2.664240	0.984795
2.667710	0.985576
2.671170	0.987906
2.674640	0.985411
2.678110	0.991371
2.681570	0.989732
2.685040	0.990692
2.688510	0.996137
2.691980	0.994094
2.695440	0.995471
2.698910	1.002170
2.702380	1.001760
2.705840	1.000710
2.709310	1.003519
2.712780	0.998091
2.716240	1.006198
2.719710	1.007168
2.723180	1.005064
2.726640	1.005837
2.730110	1.003969
2.733580	1.009764
2.737040	1.006282
2.740510	1.013417
2.743980	1.009130
2.747440	1.011743
2.750910	1.018227
2.754380	1.014096
2.757840	1.017115
2.761310	1.020049
2.764780	1.017586
2.768240	1.024729
2.771710	1.022971
2.775180	1.020079
2.778650	1.020574
2.782110	1.025358
2.785580	1.020929
2.789050	1.021994
2.792510	1.026276
2.795980	1.030596
2.799450	1.026157
2.802910	1.027608
2.806380	1.031909
2.809850	1.030758
2.813310	1.023611
2.816780	1.025119
2.820250	1.033110
2.823710	1.030976
2.827180	1.033368
2.830650	1.029644
2.834110	1.030424
2.837580	1.030320
2.841050	1.033526
2.844510	1.031003
2.847980	1.032540
2.851450	1.032713
2.854920	1.036611
2.858380	1.037751
2.861850	1.035841
2.865320	1.031919
2.868780	1.036472
2.872250	1.037904
2.875720	1.036663
2.879180	1.032912
2.882650	1.035841
2.886120	1.036497
2.889580	1.035661
2.893050	1.039204
2.896520	1.037382
2.899980	1.039558
2.903450	1.032151
2.906920	1.038061
2.910380	1.037064
2.913850	1.035489
2.917320	1.036377
2.920780	1.035587
2.924250	1.033550
2.927720	1.037066
2.931180	1.040180
2.934650	1.039929
2.938120	1.031450
2.941590	1.036038
2.945050	1.037924
2.948520	1.037001
2.951990	1.034552
2.955450	1.035601
2.958920	1.044853
2.962390	1.037346
2.965850	1.039041
2.969320	1.034118
2.972790	1.038235
2.976250	1.036926
2.979720	1.030991
2.983190	1.033515
2.986650	1.034382
2.990120	1.034614
2.993590	1.033138
2.997050	1.036306
3.000520	1.029290
3.003990	1.031174
3.007450	1.027985
3.010920	1.025465
3.014390	1.026200
3.017850	1.025962
3.021320	1.027078
3.024790	1.027494
3.028260	1.026904
3.031720	1.026615
3.035190	1.028406
3.038660	1.020191
3.042120	1.026226
3.045590	1.023877
3.049060	1.020211
3.052520	1.020235
3.055990	1.021026
3.059460	1.020989
3.062920	1.019154
3.066390	1.014206
3.069860	1.018453
3.073320	1.018038
3.076790	1.019530
3.080260	1.014540
3.083720	1.010998
3.087190	1.013567
3.090660	1.012034
3.094120	1.012729
3.097590	1.014443
3.101060	1.009594
3.104530	1.013661
3.107990	1.010661
3.111460	1.008006
3.114930	1.010986
3.118390	1.012179
3.121860	1.006016
3.125330	1.006509
3.128790	1.013377
3.132260	1.005944
3.135730	1.005939
3.139190	1.004961
3.142660	1.005840
3.146130	1.000524
3.149590	0.999253
3.153060	1.000622
3.156530	1.004031
3.159990	1.001348
3.163460	0.999647
3.166930	0.995544
3.170390	0.998562
3.173860	0.998377
3.177330	0.997277
3.180790	0.997899
3.184260	0.994490
3.187730	0.995232
3.191200	0.994523
3.194660	0.991657
3.198130	0.994458
3.201600	0.989038
3.205060	0.994774
3.208530	0.987555
3.212000	0.989340
3.215460	0.992017
3.218930	0.990772
3.222400	0.987454
3.225860	0.989242
3.229330	0.991529
3.232800	0.986093
3.236260	0.988336
3.239730	0.984703
3.243200	0.988872
3.246660	0.987966
3.250130	0.986290
3.253600	0.986924
3.257060	0.980489
3.260530	0.983791
3.264000	0.983929
3.267470	0.983621
3.270930	0.985677
3.274400	0.984027
3.277870	0.983874
3.281330	0.986833
3.284800	0.987072
3.288270	0.984124
3.291730	0.984715
3.295200	0.983626
3.298670	0.980689
3.302130	0.983835
3.305600	0.980465
3.309070	0.978357
3.312530	0.981676
3.316000	0.977761
3.319470	0.981951
3.322930	0.977111
3.326400	0.982279
3.329870	0.980579
3.333330	0.982768
3.336800	0.981758
3.340270	0.979378
3.343730	0.978329
3.347200	0.980550
3.350670	0.978862
3.354140	0.977286
3.357600	0.979922
3.361070	0.980068
3.364540	0.977683
3.368000	0.979818
3.371470	0.977950
3.374940	0.981364
3.378400	0.982908
3.381870	0.980207
3.385340	0.981182
3.388800	0.979350
3.392270	0.981201
3.395740	0.979932
3.399200	0.980789
3.402670	0.978227
3.406140	0.979310
3.409600	0.978347
3.413070	0.978890
3.416540	0.979858
3.420000	0.982433
3.423470	0.981710
3.426940	0.979431
3.430400	0.981224
3.433870	0.981344
3.437340	0.980619
3.440810	0.982676
3.444270	0.981010
3.447740	0.982482
3.451210	0.983718
3.454670	0.984861
3.458140	0.984177
3.461610	0.984047
3.465070	0.984225
